30 35 34 33 41 31 48 44 47 45 46 42 18 21 39 22 20 19 06 37 09 11 07 08 00 03 04 02 36 05 12 14 13 38 17 16 32 43 23 10 01 15 28 27 26 40 29 25 24 
33 31 41 35 30 32 47 48 45 46 42 43 23 19 21 18 39 22 08 07 10 37 06 09 03 01 00 04 02 36 38 13 17 16 15 14 34 44 20 11 05 12 27 26 24 29 28 40 25 
41 33 32 30 34 35 44 43 48 47 45 46 22 39 20 19 23 21 07 11 08 10 37 06 04 00 02 36 05 01 15 16 14 12 13 38 31 42 18 09 03 17 29 28 27 25 40 24 26 
32 41 35 34 31 30 42 46 43 44 48 47 21 23 18 39 22 20 11 09 07 08 10 37 36 02 05 01 03 00 13 12 38 17 16 15 33 45 19 06 04 14 25 40 29 26 24 27 28 
31 34 33 32 35 41 46 45 42 43 44 48 39 18 22 20 19 23 10 08 37 06 09 11 05 36 01 03 00 04 14 15 12 13 38 17 30 47 21 07 02 16 24 25 40 27 26 28 29 
34 30 31 41 32 33 43 42 44 48 47 45 19 20 23 21 18 39 37 10 06 09 11 07 02 04 36 05 01 03 17 38 16 15 14 12 35 46 22 08 00 13 40 29 28 24 25 26 27 
18 20 19 23 22 39 00 04 03 01 05 36 48 42 46 44 45 43 24 27 40 28 26 25 12 38 15 17 13 14 06 10 11 08 37 09 21 02 47 29 16 07 32 34 41 35 31 33 30 
39 19 23 21 20 22 05 01 36 02 04 00 46 48 44 45 43 47 29 25 27 24 40 28 14 13 16 38 12 15 10 07 06 11 08 37 18 03 42 26 17 09 30 33 35 34 41 32 31 
21 22 20 19 39 18 36 05 02 04 00 03 42 47 48 46 44 45 28 40 26 25 29 27 13 17 14 16 38 12 11 06 08 37 09 07 23 01 43 24 15 10 33 35 31 41 30 34 32 
23 39 22 20 18 21 03 00 01 05 36 02 47 43 42 48 46 44 25 26 29 27 24 40 38 16 12 15 17 13 08 11 37 09 07 10 19 04 45 28 14 06 34 41 30 31 32 35 33 
19 18 39 22 21 23 02 36 04 00 03 01 43 45 47 42 48 46 27 29 24 40 28 26 17 15 13 14 16 38 37 08 09 07 10 06 20 05 44 25 12 11 35 31 32 30 33 41 34 
20 21 18 39 23 19 01 03 05 36 02 04 45 44 43 47 42 48 40 24 28 26 25 29 16 14 38 12 15 17 09 37 07 10 06 11 22 00 46 27 13 08 41 30 33 32 34 31 35 
12 16 17 38 15 14 24 26 25 40 29 28 06 11 10 07 09 37 48 43 45 42 44 47 30 33 41 34 32 31 18 39 21 23 19 20 13 27 08 46 35 22 36 02 04 01 05 03 00 
16 13 12 14 38 17 40 25 29 28 27 26 09 07 37 08 11 06 45 48 42 44 47 46 35 31 33 30 41 34 20 19 22 39 18 21 15 24 10 43 32 23 04 00 03 36 02 05 01 
17 12 14 15 13 38 27 28 26 24 25 40 37 09 08 11 06 10 43 46 48 45 42 44 34 41 32 31 35 33 19 23 20 22 39 18 16 29 07 47 30 21 01 05 36 00 03 04 02 
14 17 38 13 16 15 29 40 28 27 26 24 10 06 07 09 37 08 46 47 43 48 45 42 31 32 35 33 30 41 39 22 18 21 23 19 12 25 11 44 34 20 00 03 01 02 04 36 05 
38 14 15 16 12 13 25 24 40 29 28 27 08 37 11 06 10 07 47 44 46 43 48 45 33 35 30 41 34 32 23 21 19 20 22 39 17 26 09 42 31 18 02 04 00 05 36 01 03 
15 38 13 12 17 16 26 27 24 25 40 29 07 10 09 37 08 11 44 42 47 46 43 48 41 30 34 32 31 35 22 20 39 18 21 23 14 28 06 45 33 19 05 36 02 03 01 00 04 
24 40 27 25 26 29 18 22 23 20 39 21 30 32 31 41 35 34 12 17 16 13 15 38 48 47 44 43 42 46 00 05 36 03 02 01 28 19 33 14 45 04 11 37 07 09 10 08 06 
26 25 28 24 27 40 22 19 18 23 20 39 41 31 35 34 33 32 15 13 38 14 17 12 44 48 43 42 46 45 04 01 05 00 36 03 29 21 30 16 47 02 10 11 37 08 09 06 07 
25 29 26 40 24 28 23 18 20 39 21 19 33 34 32 30 31 41 38 15 14 17 12 16 47 45 48 44 43 42 03 36 02 01 04 05 27 22 35 13 46 00 37 07 06 10 11 09 08 
40 28 24 29 25 27 20 23 39 21 19 22 35 41 34 33 32 30 16 12 13 15 38 14 45 46 47 48 44 43 01 02 04 05 00 36 26 18 31 17 42 03 07 06 08 11 37 10 09 
29 27 25 28 40 26 39 20 21 19 22 18 31 30 41 35 34 33 14 38 17 12 16 13 46 42 45 47 48 44 05 04 00 36 03 02 24 23 32 15 43 01 06 08 09 37 07 11 10 
28 26 40 27 29 24 21 39 19 22 18 23 32 33 30 31 41 35 13 16 15 38 14 17 42 43 46 45 47 48 36 00 03 02 01 04 25 20 34 12 44 05 08 09 10 07 06 37 11 
06 09 37 08 07 10 30 41 33 35 31 32 24 28 29 26 40 27 00 02 01 36 04 03 18 23 22 19 21 39 48 46 42 47 43 45 11 34 25 05 20 44 13 17 15 16 14 38 12 
11 07 09 37 10 06 32 31 34 41 30 33 28 25 24 29 26 40 36 01 04 03 05 02 21 19 39 20 23 18 42 48 47 43 45 44 08 35 27 00 22 46 38 16 14 15 12 17 13 
10 37 08 11 09 07 31 35 32 34 41 30 29 24 26 40 27 25 05 03 02 00 01 36 39 21 20 23 18 22 46 44 48 42 47 43 06 33 28 04 19 45 12 38 16 17 15 13 14 
07 08 11 06 37 09 41 34 30 33 35 31 26 29 40 27 25 28 04 36 03 05 02 00 22 18 19 21 39 20 44 45 46 48 42 47 10 32 24 01 23 43 14 13 17 38 16 12 15 
09 11 06 10 08 37 35 33 31 32 34 41 40 26 27 25 28 24 01 00 36 04 03 05 20 39 23 18 22 19 45 43 44 46 48 42 07 30 29 02 21 47 15 12 38 13 17 14 16 
37 06 10 07 11 08 34 32 41 30 33 35 27 40 25 28 24 29 02 05 00 01 36 04 19 22 21 39 20 23 43 47 45 44 46 48 09 31 26 03 18 42 16 14 13 12 38 15 17 
48 45 43 47 44 46 12 15 38 16 14 13 00 36 05 04 01 02 30 34 35 32 41 33 06 08 07 37 11 10 24 29 28 25 27 40 42 17 03 31 09 26 21 19 22 20 39 23 18 
43 48 46 44 42 47 17 13 15 12 38 16 02 01 03 36 00 05 34 31 30 35 32 41 37 07 11 10 09 08 27 25 40 26 29 24 45 14 04 33 06 28 20 39 21 18 23 22 19 
45 42 48 46 47 43 16 38 14 13 17 15 01 04 02 03 36 00 35 30 32 41 33 31 09 10 08 06 07 37 40 27 26 29 24 28 44 12 05 34 11 25 22 18 23 21 19 39 20 
42 44 45 43 46 48 13 14 17 15 12 38 36 03 00 05 04 01 32 35 41 33 31 34 11 37 10 09 08 06 28 24 25 27 40 26 47 16 02 30 07 29 23 20 39 22 18 19 21 
44 47 42 48 43 45 15 17 12 38 16 14 04 05 01 02 03 36 41 32 33 31 34 30 07 06 37 11 10 09 26 40 29 24 28 25 46 13 00 35 08 27 39 21 19 23 20 18 22 
47 46 44 45 48 42 38 12 16 14 13 17 03 02 36 00 05 04 33 41 31 34 30 35 08 09 06 07 37 11 25 28 27 40 26 29 43 15 01 32 10 24 19 22 18 39 21 20 23 
35 32 30 31 33 34 45 47 46 42 43 44 20 22 19 23 21 18 09 06 11 07 08 10 01 05 03 00 04 02 16 17 15 14 12 13 41 48 39 37 36 38 26 24 25 28 27 29 40 
22 23 21 18 19 20 04 02 00 03 01 05 44 46 45 43 47 42 26 28 25 29 27 24 15 12 17 13 14 16 07 09 10 06 11 08 39 36 48 40 38 37 31 32 34 33 35 30 41 
13 15 16 17 14 12 28 29 27 26 24 25 11 08 06 10 07 09 42 45 44 47 46 43 32 34 31 35 33 30 21 18 23 19 20 22 38 40 37 48 41 39 03 01 05 04 00 02 36 
27 24 29 26 28 25 19 21 22 18 23 20 34 35 33 32 30 31 17 14 12 16 13 15 43 44 42 46 45 47 02 03 01 04 05 00 40 39 41 38 48 36 09 10 11 06 08 07 37 
08 10 07 09 06 11 33 30 35 31 32 34 25 27 28 24 29 26 03 04 05 02 00 01 23 20 18 22 19 21 47 42 43 45 44 46 37 41 40 36 39 48 17 15 12 14 13 16 38 
46 43 47 42 45 44 14 16 13 17 15 12 05 00 04 01 02 03 31 33 34 30 35 32 10 11 09 08 06 07 29 26 24 28 25 27 48 38 36 41 37 40 18 23 20 19 22 21 39 
01 36 00 05 03 02 09 08 10 11 37 07 16 15 17 38 13 12 20 18 21 22 23 39 40 29 25 24 26 27 35 34 41 31 30 32 04 06 14 19 28 33 48 46 44 47 42 43 45 
04 03 36 00 02 01 07 37 06 08 09 10 15 14 16 17 38 13 22 21 23 39 19 18 26 24 27 28 29 40 41 35 31 30 32 33 05 11 12 20 25 34 42 48 46 43 47 45 44 
05 02 03 36 01 04 10 09 11 37 07 06 14 12 15 16 17 38 39 23 19 18 20 21 29 28 40 25 24 26 31 41 30 32 33 34 00 08 13 22 27 35 47 42 48 45 43 44 46 
03 05 04 01 00 36 08 06 09 10 11 37 38 17 13 12 14 15 23 22 39 19 18 20 25 40 24 26 27 28 33 32 34 35 41 31 02 07 16 21 29 30 44 45 43 48 46 42 47 
02 00 05 04 36 03 37 11 07 06 08 09 17 16 38 13 12 14 19 39 18 20 21 22 27 26 28 29 40 25 34 33 35 41 31 30 01 10 15 23 24 32 46 44 45 42 48 47 43 
36 04 01 02 05 00 11 10 37 07 06 08 13 38 12 14 15 16 21 20 22 23 39 19 28 27 29 40 25 24 32 30 33 34 35 41 03 09 17 18 26 31 45 43 47 46 44 48 42 
00 01 02 03 04 05 06 07 08 09 10 11 12 13 14 15 16 17 18 19 20 21 22 23 24 25 26 27 28 29 30 31 32 33 34 35 36 37 38 39 40 41 43 47 42 44 45 46 48 
