0    30   16   4    27   18   2    13   28   26   8    5    11   20   19   24   1    25   21   23   15   10   14   3    6    22   12   29   9    17   7
18   1    30   17   5    28   19   3    14   29   27   9    6    12   21   20   25   2    26   22   24   16   11   15   4    7    23   13   0    10   8
11   19   2    30   18   6    29   20   4    15   0    28   10   7    13   22   21   26   3    27   23   25   17   12   16   5    8    24   14   1    9
2    12   20   3    30   19   7    0    21   5    16   1    29   11   8    14   23   22   27   4    28   24   26   18   13   17   6    9    25   15   10
16   3    13   21   4    30   20   8    1    22   6    17   2    0    12   9    15   24   23   28   5    29   25   27   19   14   18   7    10   26   11
27   17   4    14   22   5    30   21   9    2    23   7    18   3    1    13   10   16   25   24   29   6    0    26   28   20   15   19   8    11   12
12   28   18   5    15   23   6    30   22   10   3    24   8    19   4    2    14   11   17   26   25   0    7    1    27   29   21   16   20   9    13
10   13   29   19   6    16   24   7    30   23   11   4    25   9    20   5    3    15   12   18   27   26   1    8    2    28   0    22   17   21   14
22   11   14   0    20   7    17   25   8    30   24   12   5    26   10   21   6    4    16   13   19   28   27   2    9    3    29   1    23   18   15
19   23   12   15   1    21   8    18   26   9    30   25   13   6    27   11   22   7    5    17   14   20   29   28   3    10   4    0    2    24   16
25   20   24   13   16   2    22   9    19   27   10   30   26   14   7    28   12   23   8    6    18   15   21   0    29   4    11   5    1    3    17
4    26   21   25   14   17   3    23   10   20   28   11   30   27   15   8    29   13   24   9    7    19   16   22   1    0    5    12   6    2    18
3    5    27   22   26   15   18   4    24   11   21   29   12   30   28   16   9    0    14   25   10   8    20   17   23   2    1    6    13   7    19
8    4    6    28   23   27   16   19   5    25   12   22   0    13   30   29   17   10   1    15   26   11   9    21   18   24   3    2    7    14   20
15   9    5    7    29   24   28   17   20   6    26   13   23   1    14   30   0    18   11   2    16   27   12   10   22   19   25   4    3    8    21
9    16   10   6    8    0    25   29   18   21   7    27   14   24   2    15   30   1    19   12   3    17   28   13   11   23   20   26   5    4    22
5    10   17   11   7    9    1    26   0    19   22   8    28   15   25   3    16   30   2    20   13   4    18   29   14   12   24   21   27   6    23
7    6    11   18   12   8    10   2    27   1    20   23   9    29   16   26   4    17   30   3    21   14   5    19   0    15   13   25   22   28   24
29   8    7    12   19   13   9    11   3    28   2    21   24   10   0    17   27   5    18   30   4    22   15   6    20   1    16   14   26   23   25
24   0    9    8    13   20   14   10   12   4    29   3    22   25   11   1    18   28   6    19   30   5    23   16   7    21   2    17   15   27   26
28   25   1    10   9    14   21   15   11   13   5    0    4    23   26   12   2    19   29   7    20   30   6    24   17   8    22   3    18   16   27
17   29   26   2    11   10   15   22   16   12   14   6    1    5    24   27   13   3    20   0    8    21   30   7    25   18   9    23   4    19   28
20   18   0    27   3    12   11   16   23   17   13   15   7    2    6    25   28   14   4    21   1    9    22   30   8    26   19   10   24   5    29
6    21   19   1    28   4    13   12   17   24   18   14   16   8    3    7    26   29   15   5    22   2    10   23   30   9    27   20   11   25   0
26   7    22   20   2    29   5    14   13   18   25   19   15   17   9    4    8    27   0    16   6    23   3    11   24   30   10   28   21   12   1
13   27   8    23   21   3    0    6    15   14   19   26   20   16   18   10   5    9    28   1    17   7    24   4    12   25   30   11   29   22   2
23   14   28   9    24   22   4    1    7    16   15   20   27   21   17   19   11   6    10   29   2    18   8    25   5    13   26   30   12   0    3
1    24   15   29   10   25   23   5    2    8    17   16   21   28   22   18   20   12   7    11   0    3    19   9    26   6    14   27   30   13   4
14   2    25   16   0    11   26   24   6    3    9    18   17   22   29   23   19   21   13   8    12   1    4    20   10   27   7    15   28   30   5
30   15   3    26   17   1    12   27   25   7    4    10   19   18   23   0    24   20   22   14   9    13   2    5    21   11   28   8    16   29   6
21   22   23   24   25   26   27   28   29   0    1    2    3    4    5    6    7    8    9    10   11   12   13   14   15   16   17   18   19   20   30
