0  13 14 15 1  2  3  4  5  6  7  8  9  10 11 12
2  1  3  9  13 0  14 11 6  5  12 10 15 8  4  7
3  8  2  4  10 14 0  15 12 7  6  13 11 1  9  5
4  6  9  3  5  11 15 0  1  13 8  7  14 12 2  10
5  11 7  10 4  6  12 1  0  2  14 9  8  15 13 3
6  4  12 8  11 5  7  13 2  0  3  15 10 9  1  14
7  15 5  13 9  12 6  8  14 3  0  4  1  11 10 2
8  3  1  6  14 10 13 7  9  15 4  0  5  2  12 11
9  12 4  2  7  15 11 14 8  10 1  5  0  6  3  13
10 14 13 5  3  8  1  12 15 9  11 2  6  0  7  4
11 5  15 14 6  4  9  2  13 1  10 12 3  7  0  8
12 9  6  1  15 7  5  10 3  14 2  11 13 4  8  0
13 0  10 7  2  1  8  6  11 4  15 3  12 14 5  9
14 10 0  11 8  3  2  9  7  12 5  1  4  13 15 6
15 7  11 0  12 9  4  3  10 8  13 6  2  5  14 1
1  2  8  12 0  13 10 5  4  11 9  14 7  3  6  15
