0  8  9  10 11 12 13 14 15 1  2  3  4  5  6  7
6  14 5  7  1  4  15 8  13 11 3  2  12 9  0  10
7  11 15 6  8  2  5  1  9  14 12 4  3  13 10 0
8  0  12 1  7  9  3  6  2  10 15 13 5  4  14 11
9  12 0  13 2  8  10 4  7  3  11 1  14 6  5  15
10 1  13 0  14 3  9  11 5  8  4  12 2  15 7  6
11 7  2  14 0  15 4  10 12 6  9  5  13 3  1  8
12 9  8  3  15 0  1  5  11 13 7  10 6  14 4  2
13 3  10 9  4  1  0  2  6  12 14 8  11 7  15 5
14 6  4  11 10 5  2  0  3  7  13 15 9  12 8  1
15 2  7  5  12 11 6  3  0  4  8  14 1  10 13 9
1  10 3  8  6  13 12 7  4  0  5  9  15 2  11 14
2  15 11 4  9  7  14 13 8  5  0  6  10 1  3  12
3  13 1  12 5  10 8  15 14 9  6  0  7  11 2  4
4  5  14 2  13 6  11 9  1  15 10 7  0  8  12 3
5  4  6  15 3  14 7  12 10 2  1  11 8  0  9  13
