0   24  3   2   14  19  12  9   18  23  16  13  22  7   20  17  6   11  4   21  10  15  8   5   1
3   1   24  0   6   15  20  13  10  19  4   17  14  23  8   21  18  7   12  5   22  11  16  9   2
1   0   2   24  10  7   16  21  14  11  20  5   18  15  4   9   22  19  8   13  6   23  12  17  3
24  2   1   3   18  11  8   17  22  15  12  21  6   19  16  5   10  23  20  9   14  7   4   13  0
21  9   5   17  4   24  15  14  20  3   23  6   16  0   11  18  12  2   19  10  8   1   7   22  13
18  22  10  6   23  5   24  16  15  21  0   4   7   17  1   12  19  13  3   20  11  9   2   8   14
7   19  23  11  9   4   6   24  17  16  22  1   5   8   18  2   13  20  14  0   21  12  10  3   15
12  8   20  4   0   10  5   7   24  18  17  23  2   6   9   19  3   14  21  15  1   22  13  11  16
5   13  9   21  12  1   11  6   8   24  19  18  4   3   7   10  20  0   15  22  16  2   23  14  17
22  6   14  10  15  13  2   12  7   9   24  20  19  5   0   8   11  21  1   16  23  17  3   4   18
11  23  7   15  5   16  14  3   13  8   10  24  21  20  6   1   9   12  22  2   17  4   18  0   19
16  12  4   8   1   6   17  15  0   14  9   11  24  22  21  7   2   10  13  23  3   18  5   19  20
9   17  13  5   20  2   7   18  16  1   15  10  12  24  23  22  8   3   11  14  4   0   19  6   21
6   10  18  14  7   21  3   8   19  17  2   16  11  13  24  4   23  9   0   12  15  5   1   20  22
15  7   11  19  21  8   22  0   9   20  18  3   17  12  14  24  5   4   10  1   13  16  6   2   23
20  16  8   12  3   22  9   23  1   10  21  19  0   18  13  15  24  6   5   11  2   14  17  7   4
13  21  17  9   8   0   23  10  4   2   11  22  20  1   19  14  16  24  7   6   12  3   15  18  5
10  14  22  18  19  9   1   4   11  5   3   12  23  21  2   20  15  17  24  8   7   13  0   16  6
19  11  15  23  17  20  10  2   5   12  6   0   13  4   22  3   21  16  18  24  9   8   14  1   7
4   20  12  16  2   18  21  11  3   6   13  7   1   14  5   23  0   22  17  19  24  10  9   15  8
17  5   21  13  16  3   19  22  12  0   7   14  8   2   15  6   4   1   23  18  20  24  11  10  9
14  18  6   22  11  17  0   20  23  13  1   8   15  9   3   16  7   5   2   4   19  21  24  12  10
23  15  19  7   13  12  18  1   21  4   14  2   9   16  10  0   17  8   6   3   5   20  22  24  11
8   4   16  20  24  14  13  19  2   22  5   15  3   10  17  11  1   18  9   7   0   6   21  23  12
2   3   0   1   22  23  4   5   6   7   8   9   10  11  12  13  14  15  16  17  18  19  20  21  24
