0    30   16   24   14   23   8    2    27   29   3    17   15   28   10   20   25   21   12   1    19   22   9    6    5    11   18   4    26   7    13
8    1    30   17   25   15   24   9    3    28   0    4    18   16   29   11   21   26   22   13   2    20   23   10   7    6    12   19   5    27   14
28   9    2    30   18   26   16   25   10   4    29   1    5    19   17   0    12   22   27   23   14   3    21   24   11   8    7    13   20   6    15
7    29   10   3    30   19   27   17   26   11   5    0    2    6    20   18   1    13   23   28   24   15   4    22   25   12   9    8    14   21   16
22   8    0    11   4    30   20   28   18   27   12   6    1    3    7    21   19   2    14   24   29   25   16   5    23   26   13   10   9    15   17
16   23   9    1    12   5    30   21   29   19   28   13   7    2    4    8    22   20   3    15   25   0    26   17   6    24   27   14   11   10   18
11   17   24   10   2    13   6    30   22   0    20   29   14   8    3    5    9    23   21   4    16   26   1    27   18   7    25   28   15   12   19
13   12   18   25   11   3    14   7    30   23   1    21   0    15   9    4    6    10   24   22   5    17   27   2    28   19   8    26   29   16   20
17   14   13   19   26   12   4    15   8    30   24   2    22   1    16   10   5    7    11   25   23   6    18   28   3    29   20   9    27   0    21
1    18   15   14   20   27   13   5    16   9    30   25   3    23   2    17   11   6    8    12   26   24   7    19   29   4    0    21   10   28   22
29   2    19   16   15   21   28   14   6    17   10   30   26   4    24   3    18   12   7    9    13   27   25   8    20   0    5    1    22   11   23
12   0    3    20   17   16   22   29   15   7    18   11   30   27   5    25   4    19   13   8    10   14   28   26   9    21   1    6    2    23   24
24   13   1    4    21   18   17   23   0    16   8    19   12   30   28   6    26   5    20   14   9    11   15   29   27   10   22   2    7    3    25
4    25   14   2    5    22   19   18   24   1    17   9    20   13   30   29   7    27   6    21   15   10   12   16   0    28   11   23   3    8    26
9    5    26   15   3    6    23   20   19   25   2    18   10   21   14   30   0    8    28   7    22   16   11   13   17   1    29   12   24   4    27
5    10   6    27   16   4    7    24   21   20   26   3    19   11   22   15   30   1    9    29   8    23   17   12   14   18   2    0    13   25   28
26   6    11   7    28   17   5    8    25   22   21   27   4    20   12   23   16   30   2    10   0    9    24   18   13   15   19   3    1    14   29
15   27   7    12   8    29   18   6    9    26   23   22   28   5    21   13   24   17   30   3    11   1    10   25   19   14   16   20   4    2    0
3    16   28   8    13   9    0    19   7    10   27   24   23   29   6    22   14   25   18   30   4    12   2    11   26   20   15   17   21   5    1
6    4    17   29   9    14   10   1    20   8    11   28   25   24   0    7    23   15   26   19   30   5    13   3    12   27   21   16   18   22   2
23   7    5    18   0    10   15   11   2    21   9    12   29   26   25   1    8    24   16   27   20   30   6    14   4    13   28   22   17   19   3
20   24   8    6    19   1    11   16   12   3    22   10   13   0    27   26   2    9    25   17   28   21   30   7    15   5    14   29   23   18   4
19   21   25   9    7    20   2    12   17   13   4    23   11   14   1    28   27   3    10   26   18   29   22   30   8    16   6    15   0    24   5
25   20   22   26   10   8    21   3    13   18   14   5    24   12   15   2    29   28   4    11   27   19   0    23   30   9    17   7    16   1    6
2    26   21   23   27   11   9    22   4    14   19   15   6    25   13   16   3    0    29   5    12   28   20   1    24   30   10   18   8    17   7
18   3    27   22   24   28   12   10   23   5    15   20   16   7    26   14   17   4    1    0    6    13   29   21   2    25   30   11   19   9    8
10   19   4    28   23   25   29   13   11   24   6    16   21   17   8    27   15   18   5    2    1    7    14   0    22   3    26   30   12   20   9
21   11   20   5    29   24   26   0    14   12   25   7    17   22   18   9    28   16   19   6    3    2    8    15   1    23   4    27   30   13   10
14   22   12   21   6    0    25   27   1    15   13   26   8    18   23   19   10   29   17   20   7    4    3    9    16   2    24   5    28   30   11
30   15   23   13   22   7    1    26   28   2    16   14   27   9    19   24   20   11   0    18   21   8    5    4    10   17   3    25   6    29   12
27   28   29   0    1    2    3    4    5    6    7    8    9    10   11   12   13   14   15   16   17   18   19   20   21   22   23   24   25   26   30

