0  40 21 30 37 10 27 35 38 4  6  31 13 28 32 12 24 15 20 3  33 7  34 5  23 19 29 18 39 36 22 1  17 16 11 9  2  26 14 8  25
9  1  40 22 31 38 11 28 36 39 5  7  32 14 29 33 13 25 16 21 4  34 8  35 6  24 20 30 19 0  37 23 2  18 17 12 10 3  27 15 26
16 10 2  40 23 32 39 12 29 37 0  6  8  33 15 30 34 14 26 17 22 5  35 9  36 7  25 21 31 20 1  38 24 3  19 18 13 11 4  28 27
29 17 11 3  40 24 33 0  13 30 38 1  7  9  34 16 31 35 15 27 18 23 6  36 10 37 8  26 22 32 21 2  39 25 4  20 19 14 12 5  28
6  30 18 12 4  40 25 34 1  14 31 39 2  8  10 35 17 32 36 16 28 19 24 7  37 11 38 9  27 23 33 22 3  0  26 5  21 20 15 13 29
14 7  31 19 13 5  40 26 35 2  15 32 0  3  9  11 36 18 33 37 17 29 20 25 8  38 12 39 10 28 24 34 23 4  1  27 6  22 21 16 30
17 15 8  32 20 14 6  40 27 36 3  16 33 1  4  10 12 37 19 34 38 18 30 21 26 9  39 13 0  11 29 25 35 24 5  2  28 7  23 22 31
23 18 16 9  33 21 15 7  40 28 37 4  17 34 2  5  11 13 38 20 35 39 19 31 22 27 10 0  14 1  12 30 26 36 25 6  3  29 8  24 32
25 24 19 17 10 34 22 16 8  40 29 38 5  18 35 3  6  12 14 39 21 36 0  20 32 23 28 11 1  15 2  13 31 27 37 26 7  4  30 9  33
10 26 25 20 18 11 35 23 17 9  40 30 39 6  19 36 4  7  13 15 0  22 37 1  21 33 24 29 12 2  16 3  14 32 28 38 27 8  5  31 34
32 11 27 26 21 19 12 36 24 18 10 40 31 0  7  20 37 5  8  14 16 1  23 38 2  22 34 25 30 13 3  17 4  15 33 29 39 28 9  6  35
7  33 12 28 27 22 20 13 37 25 19 11 40 32 1  8  21 38 6  9  15 17 2  24 39 3  23 35 26 31 14 4  18 5  16 34 30 0  29 10 36
11 8  34 13 29 28 23 21 14 38 26 20 12 40 33 2  9  22 39 7  10 16 18 3  25 0  4  24 36 27 32 15 5  19 6  17 35 31 1  30 37
31 12 9  35 14 30 29 24 22 15 39 27 21 13 40 34 3  10 23 0  8  11 17 19 4  26 1  5  25 37 28 33 16 6  20 7  18 36 32 2  38
3  32 13 10 36 15 31 30 25 23 16 0  28 22 14 40 35 4  11 24 1  9  12 18 20 5  27 2  6  26 38 29 34 17 7  21 8  19 37 33 39
34 4  33 14 11 37 16 32 31 26 24 17 1  29 23 15 40 36 5  12 25 2  10 13 19 21 6  28 3  7  27 39 30 35 18 8  22 9  20 38 0
39 35 5  34 15 12 38 17 33 32 27 25 18 2  30 24 16 40 37 6  13 26 3  11 14 20 22 7  29 4  8  28 0  31 36 19 9  23 10 21 1
22 0  36 6  35 16 13 39 18 34 33 28 26 19 3  31 25 17 40 38 7  14 27 4  12 15 21 23 8  30 5  9  29 1  32 37 20 10 24 11 2
12 23 1  37 7  36 17 14 0  19 35 34 29 27 20 4  32 26 18 40 39 8  15 28 5  13 16 22 24 9  31 6  10 30 2  33 38 21 11 25 3
26 13 24 2  38 8  37 18 15 1  20 36 35 30 28 21 5  33 27 19 40 0  9  16 29 6  14 17 23 25 10 32 7  11 31 3  34 39 22 12 4
13 27 14 25 3  39 9  38 19 16 2  21 37 36 31 29 22 6  34 28 20 40 1  10 17 30 7  15 18 24 26 11 33 8  12 32 4  35 0  23 5
24 14 28 15 26 4  0  10 39 20 17 3  22 38 37 32 30 23 7  35 29 21 40 2  11 18 31 8  16 19 25 27 12 34 9  13 33 5  36 1  6
2  25 15 29 16 27 5  1  11 0  21 18 4  23 39 38 33 31 24 8  36 30 22 40 3  12 19 32 9  17 20 26 28 13 35 10 14 34 6  37 7
38 3  26 16 30 17 28 6  2  12 1  22 19 5  24 0  39 34 32 25 9  37 31 23 40 4  13 20 33 10 18 21 27 29 14 36 11 15 35 7  8
8  39 4  27 17 31 18 29 7  3  13 2  23 20 6  25 1  0  35 33 26 10 38 32 24 40 5  14 21 34 11 19 22 28 30 15 37 12 16 36 9
37 9  0  5  28 18 32 19 30 8  4  14 3  24 21 7  26 2  1  36 34 27 11 39 33 25 40 6  15 22 35 12 20 23 29 31 16 38 13 17 10
18 38 10 1  6  29 19 33 20 31 9  5  15 4  25 22 8  27 3  2  37 35 28 12 0  34 26 40 7  16 23 36 13 21 24 30 32 17 39 14 11
15 19 39 11 2  7  30 20 34 21 32 10 6  16 5  26 23 9  28 4  3  38 36 29 13 1  35 27 40 8  17 24 37 14 22 25 31 33 18 0  12
1  16 20 0  12 3  8  31 21 35 22 33 11 7  17 6  27 24 10 29 5  4  39 37 30 14 2  36 28 40 9  18 25 38 15 23 26 32 34 19 13
20 2  17 21 1  13 4  9  32 22 36 23 34 12 8  18 7  28 25 11 30 6  5  0  38 31 15 3  37 29 40 10 19 26 39 16 24 27 33 35 14
36 21 3  18 22 2  14 5  10 33 23 37 24 35 13 9  19 8  29 26 12 31 7  6  1  39 32 16 4  38 30 40 11 20 27 0  17 25 28 34 15
35 37 22 4  19 23 3  15 6  11 34 24 38 25 36 14 10 20 9  30 27 13 32 8  7  2  0  33 17 5  39 31 40 12 21 28 1  18 26 29 16
30 36 38 23 5  20 24 4  16 7  12 35 25 39 26 37 15 11 21 10 31 28 14 33 9  8  3  1  34 18 6  0  32 40 13 22 29 2  19 27 17
28 31 37 39 24 6  21 25 5  17 8  13 36 26 0  27 38 16 12 22 11 32 29 15 34 10 9  4  2  35 19 7  1  33 40 14 23 30 3  20 18
21 29 32 38 0  25 7  22 26 6  18 9  14 37 27 1  28 39 17 13 23 12 33 30 16 35 11 10 5  3  36 20 8  2  34 40 15 24 31 4  19
5  22 30 33 39 1  26 8  23 27 7  19 10 15 38 28 2  29 0  18 14 24 13 34 31 17 36 12 11 6  4  37 21 9  3  35 40 16 25 32 20
33 6  23 31 34 0  2  27 9  24 28 8  20 11 16 39 29 3  30 1  19 15 25 14 35 32 18 37 13 12 7  5  38 22 10 4  36 40 17 26 21
27 34 7  24 32 35 1  3  28 10 25 29 9  21 12 17 0  30 4  31 2  20 16 26 15 36 33 19 38 14 13 8  6  39 23 11 5  37 40 18 22
19 28 35 8  25 33 36 2  4  29 11 26 30 10 22 13 18 1  31 5  32 3  21 17 27 16 37 34 20 39 15 14 9  7  0  24 12 6  38 40 23
40 20 29 36 9  26 34 37 3  5  30 12 27 31 11 23 14 19 2  32 6  33 4  22 18 28 17 38 35 21 0  16 15 10 8  1  25 13 7  39 24
4  5  6  7  8  9  10 11 12 13 14 15 16 17 18 19 20 21 22 23 24 25 26 27 28 29 30 31 32 33 34 35 36 37 38 39 0  1  2  3  40
