0  40 21 13 39 28 22 36 32 2  1  9  29 26 11 17 15 3  27 6  24 35 25 8  30 7  20 23 18 34 38 19 12 14 5  10 37 4  16 31 33
32 1  40 22 14 0  29 23 37 33 3  2  10 30 27 12 18 16 4  28 7  25 36 26 9  31 8  21 24 19 35 39 20 13 15 6  11 38 5  17 34
18 33 2  40 23 15 1  30 24 38 34 4  3  11 31 28 13 19 17 5  29 8  26 37 27 10 32 9  22 25 20 36 0  21 14 16 7  12 39 6  35
7  19 34 3  40 24 16 2  31 25 39 35 5  4  12 32 29 14 20 18 6  30 9  27 38 28 11 33 10 23 26 21 37 1  22 15 17 8  13 0  36
1  8  20 35 4  40 25 17 3  32 26 0  36 6  5  13 33 30 15 21 19 7  31 10 28 39 29 12 34 11 24 27 22 38 2  23 16 18 9  14 37
15 2  9  21 36 5  40 26 18 4  33 27 1  37 7  6  14 34 31 16 22 20 8  32 11 29 0  30 13 35 12 25 28 23 39 3  24 17 19 10 38
11 16 3  10 22 37 6  40 27 19 5  34 28 2  38 8  7  15 35 32 17 23 21 9  33 12 30 1  31 14 36 13 26 29 24 0  4  25 18 20 39
21 12 17 4  11 23 38 7  40 28 20 6  35 29 3  39 9  8  16 36 33 18 24 22 10 34 13 31 2  32 15 37 14 27 30 25 1  5  26 19 0
20 22 13 18 5  12 24 39 8  40 29 21 7  36 30 4  0  10 9  17 37 34 19 25 23 11 35 14 32 3  33 16 38 15 28 31 26 2  6  27 1
28 21 23 14 19 6  13 25 0  9  40 30 22 8  37 31 5  1  11 10 18 38 35 20 26 24 12 36 15 33 4  34 17 39 16 29 32 27 3  7  2
8  29 22 24 15 20 7  14 26 1  10 40 31 23 9  38 32 6  2  12 11 19 39 36 21 27 25 13 37 16 34 5  35 18 0  17 30 33 28 4  3
5  9  30 23 25 16 21 8  15 27 2  11 40 32 24 10 39 33 7  3  13 12 20 0  37 22 28 26 14 38 17 35 6  36 19 1  18 31 34 29 4
30 6  10 31 24 26 17 22 9  16 28 3  12 40 33 25 11 0  34 8  4  14 13 21 1  38 23 29 27 15 39 18 36 7  37 20 2  19 32 35 5
36 31 7  11 32 25 27 18 23 10 17 29 4  13 40 34 26 12 1  35 9  5  15 14 22 2  39 24 30 28 16 0  19 37 8  38 21 3  20 33 6
34 37 32 8  12 33 26 28 19 24 11 18 30 5  14 40 35 27 13 2  36 10 6  16 15 23 3  0  25 31 29 17 1  20 38 9  39 22 4  21 7
22 35 38 33 9  13 34 27 29 20 25 12 19 31 6  15 40 36 28 14 3  37 11 7  17 16 24 4  1  26 32 30 18 2  21 39 10 0  23 5  8
6  23 36 39 34 10 14 35 28 30 21 26 13 20 32 7  16 40 37 29 15 4  38 12 8  18 17 25 5  2  27 33 31 19 3  22 0  11 1  24 9
25 7  24 37 0  35 11 15 36 29 31 22 27 14 21 33 8  17 40 38 30 16 5  39 13 9  19 18 26 6  3  28 34 32 20 4  23 1  12 2  10
3  26 8  25 38 1  36 12 16 37 30 32 23 28 15 22 34 9  18 40 39 31 17 6  0  14 10 20 19 27 7  4  29 35 33 21 5  24 2  13 11
14 4  27 9  26 39 2  37 13 17 38 31 33 24 29 16 23 35 10 19 40 0  32 18 7  1  15 11 21 20 28 8  5  30 36 34 22 6  25 3  12
4  15 5  28 10 27 0  3  38 14 18 39 32 34 25 30 17 24 36 11 20 40 1  33 19 8  2  16 12 22 21 29 9  6  31 37 35 23 7  26 13
27 5  16 6  29 11 28 1  4  39 15 19 0  33 35 26 31 18 25 37 12 21 40 2  34 20 9  3  17 13 23 22 30 10 7  32 38 36 24 8  14
9  28 6  17 7  30 12 29 2  5  0  16 20 1  34 36 27 32 19 26 38 13 22 40 3  35 21 10 4  18 14 24 23 31 11 8  33 39 37 25 15
26 10 29 7  18 8  31 13 30 3  6  1  17 21 2  35 37 28 33 20 27 39 14 23 40 4  36 22 11 5  19 15 25 24 32 12 9  34 0  38 16
39 27 11 30 8  19 9  32 14 31 4  7  2  18 22 3  36 38 29 34 21 28 0  15 24 40 5  37 23 12 6  20 16 26 25 33 13 10 35 1  17
2  0  28 12 31 9  20 10 33 15 32 5  8  3  19 23 4  37 39 30 35 22 29 1  16 25 40 6  38 24 13 7  21 17 27 26 34 14 11 36 18
37 3  1  29 13 32 10 21 11 34 16 33 6  9  4  20 24 5  38 0  31 36 23 30 2  17 26 40 7  39 25 14 8  22 18 28 27 35 15 12 19
13 38 4  2  30 14 33 11 22 12 35 17 34 7  10 5  21 25 6  39 1  32 37 24 31 3  18 27 40 8  0  26 15 9  23 19 29 28 36 16 20
17 14 39 5  3  31 15 34 12 23 13 36 18 35 8  11 6  22 26 7  0  2  33 38 25 32 4  19 28 40 9  1  27 16 10 24 20 30 29 37 21
38 18 15 0  6  4  32 16 35 13 24 14 37 19 36 9  12 7  23 27 8  1  3  34 39 26 33 5  20 29 40 10 2  28 17 11 25 21 31 30 22
31 39 19 16 1  7  5  33 17 36 14 25 15 38 20 37 10 13 8  24 28 9  2  4  35 0  27 34 6  21 30 40 11 3  29 18 12 26 22 32 23
33 32 0  20 17 2  8  6  34 18 37 15 26 16 39 21 38 11 14 9  25 29 10 3  5  36 1  28 35 7  22 31 40 12 4  30 19 13 27 23 24
24 34 33 1  21 18 3  9  7  35 19 38 16 27 17 0  22 39 12 15 10 26 30 11 4  6  37 2  29 36 8  23 32 40 13 5  31 20 14 28 25
29 25 35 34 2  22 19 4  10 8  36 20 39 17 28 18 1  23 0  13 16 11 27 31 12 5  7  38 3  30 37 9  24 33 40 14 6  32 21 15 26
16 30 26 36 35 3  23 20 5  11 9  37 21 0  18 29 19 2  24 1  14 17 12 28 32 13 6  8  39 4  31 38 10 25 34 40 15 7  33 22 27
23 17 31 27 37 36 4  24 21 6  12 10 38 22 1  19 30 20 3  25 2  15 18 13 29 33 14 7  9  0  5  32 39 11 26 35 40 16 8  34 28
35 24 18 32 28 38 37 5  25 22 7  13 11 39 23 2  20 31 21 4  26 3  16 19 14 30 34 15 8  10 1  6  33 0  12 27 36 40 17 9  29
10 36 25 19 33 29 39 38 6  26 23 8  14 12 0  24 3  21 32 22 5  27 4  17 20 15 31 35 16 9  11 2  7  34 1  13 28 37 40 18 30
19 11 37 26 20 34 30 0  39 7  27 24 9  15 13 1  25 4  22 33 23 6  28 5  18 21 16 32 36 17 10 12 3  8  35 2  14 29 38 40 31
40 20 12 38 27 21 35 31 1  0  8  28 25 10 16 14 2  26 5  23 34 24 7  29 6  19 22 17 33 37 18 11 13 4  9  36 3  15 30 39 32
12 13 14 15 16 17 18 19 20 21 22 23 24 25 26 27 28 29 30 31 32 33 34 35 36 37 38 39 0  1  2  3  4  5  6  7  8  9  10 11 40
