24 11 2  1  39 6  9  36 10 26 33 0  21 17 34 29 12 35 28 40 27 20 38 41 13 5  23 15 3  4  32 18 37 25 8  16 30 19 14 42 22 7  31
0  37 9  6  5  8  35 23 25 10 1  20 16 33 28 11 34 27 39 26 19 41 3  32 4  22 14 2  40 31 17 36 24 7  15 29 18 12 42 21 38 13 30
12 27 25 3  23 40 7  1  37 11 38 34 2  22 18 35 30 13 36 29 4  28 21 39 20 14 6  10 16 41 5  33 19 24 26 9  17 31 8  15 42 0  32
28 12 13 26 42 10 4  8  0  24 40 39 35 3  23 19 36 31 14 37 30 5  29 22 32 21 15 7  11 17 38 6  34 20 25 27 1  18 2  9  16 41 33
9  15 3  39 31 5  40 41 21 42 28 35 1  34 13 8  7  26 4  14 10 27 36 19 11 30 32 38 23 37 12 20 2  16 22 6  0  25 17 33 18 29 24
16 42 1  41 19 32 6  4  38 22 20 29 36 0  35 14 9  8  27 5  15 11 28 37 26 12 31 33 39 10 24 13 21 3  17 23 7  2  30 18 34 40 25
42 23 17 0  35 20 33 7  5  39 24 21 30 37 2  36 15 1  9  28 6  16 12 29 3  27 13 32 34 40 11 25 14 22 41 18 10 8  4  31 19 38 26
10 40 42 18 20 36 21 34 8  6  30 25 22 31 24 3  37 16 0  1  29 7  17 13 9  41 28 14 33 35 4  12 26 15 23 38 19 11 39 5  32 2  27
4  7  11 42 33 21 37 22 35 9  14 31 26 23 32 25 41 24 17 2  0  30 8  18 12 1  38 29 15 34 36 5  13 27 16 10 39 20 3  40 6  19 28
8  1  5  12 7  34 22 24 23 36 19 15 32 27 10 33 26 38 25 18 3  2  31 9  21 13 0  39 30 16 35 37 6  14 28 17 11 40 20 41 4  42 29
29 21 6  32 12 17 8  31 3  38 41 11 23 20 27 42 35 15 19 22 2  37 39 24 10 34 30 1  5  25 0  4  16 40 33 14 13 9  18 36 28 26 7
22 39 30 7  29 13 18 9  32 41 25 38 12 10 21 28 42 36 16 20 23 3  24 40 1  11 35 31 0  6  26 2  5  17 4  34 15 14 27 19 37 33 8
40 38 23 31 24 30 14 19 1  33 4  26 39 13 11 22 29 42 37 17 21 10 41 25 15 0  12 36 32 2  7  27 3  6  18 5  35 16 34 28 20 8  9
39 34 4  10 21 25 31 15 20 0  26 5  27 40 14 12 23 30 42 24 18 22 11 38 17 16 2  13 37 33 3  8  28 41 7  19 6  36 9  35 29 32 1
35 2  40 5  30 22 26 32 16 21 39 27 6  28 4  15 13 10 31 42 25 19 23 12 37 18 17 3  14 24 34 41 9  29 38 8  20 7  33 1  36 11 0
3  22 36 4  37 31 23 27 33 17 13 40 28 7  29 5  16 14 11 32 42 26 20 10 8  24 19 18 41 15 25 35 38 1  30 39 9  21 12 34 0  6  2
23 18 41 37 2  24 32 10 28 34 11 14 4  29 8  30 6  17 15 12 33 42 27 21 22 9  25 20 19 38 16 26 36 39 0  31 40 1  7  13 35 5  3
19 35 10 38 36 3  25 33 11 29 22 12 15 5  30 9  31 7  18 16 13 34 42 28 0  23 1  26 21 20 39 17 27 37 40 2  32 4  6  8  14 24 41
36 30 20 11 15 37 41 26 34 12 29 23 13 16 6  31 1  32 8  19 17 14 35 42 5  2  10 0  27 22 21 40 18 28 24 4  3  33 25 7  9  39 38
31 13 37 21 1  16 24 38 27 35 42 30 10 14 17 7  32 0  33 9  20 18 15 36 34 6  3  11 2  28 23 22 4  19 29 25 5  41 40 26 8  12 39
14 36 32 24 9  0  17 25 39 28 37 42 31 11 15 18 8  33 2  34 1  21 19 16 38 35 7  41 12 3  29 10 23 5  20 30 26 6  13 4  27 22 40
37 29 15 33 28 1  2  18 26 40 17 24 42 32 12 16 19 9  34 3  35 0  22 20 7  39 36 8  38 13 41 30 11 10 6  21 31 27 23 14 5  25 4
30 4  24 16 6  29 0  3  19 27 21 18 25 42 33 13 17 20 1  35 41 36 2  23 28 8  40 37 9  39 14 38 31 12 11 7  22 32 26 10 15 34 5
5  28 31 25 16 7  30 2  41 20 10 22 19 26 42 34 14 18 21 0  36 38 37 3  33 29 9  4  24 1  40 15 39 32 13 12 8  23 35 27 11 17 6
1  17 28 27 10 19 39 11 18 30 35 6  20 9  40 32 3  5  26 31 22 8  13 15 14 25 37 34 4  42 2  29 33 36 12 41 16 38 24 0  7  23 21
18 31 0  29 8  11 20 40 12 19 16 36 7  21 1  4  33 41 6  27 32 23 9  14 39 15 26 24 35 5  42 3  30 34 37 13 38 17 10 25 2  28 22
32 20 19 2  3  9  12 21 4  13 15 17 37 8  22 0  5  34 38 7  28 33 10 1  18 40 16 27 25 36 6  42 41 31 35 24 14 39 29 11 26 30 23
21 14 33 20 27 41 1  13 22 5  0  16 18 24 9  23 2  6  35 39 8  29 34 11 40 19 4  17 28 26 37 7  42 38 32 36 25 15 31 30 12 3  10
15 6  22 34 13 28 38 0  14 23 12 2  17 19 25 1  10 3  7  36 40 9  30 35 16 4  20 5  18 29 27 24 8  42 39 33 37 26 41 32 31 21 11
7  10 16 23 32 14 29 39 2  15 36 13 3  18 20 26 0  11 41 8  37 4  1  31 27 17 5  21 6  19 30 28 25 9  42 40 34 24 22 38 33 35 12
11 16 8  17 34 33 15 30 40 3  32 37 14 41 19 21 27 2  12 38 9  24 5  0  25 28 18 6  22 7  20 31 29 26 1  42 4  35 36 23 39 10 13
17 41 12 9  40 35 34 16 31 4  2  33 24 15 38 20 22 28 3  13 39 1  25 6  36 26 29 19 7  23 8  21 32 30 27 0  42 5  11 37 10 18 14
38 5  18 13 11 4  36 35 17 32 7  3  34 25 16 39 21 23 29 41 14 40 0  26 6  37 27 30 20 8  10 9  22 33 31 28 2  42 19 12 24 1  15
6  33 39 19 25 12 5  37 36 18 27 8  41 35 26 17 40 22 10 30 38 15 4  2  42 7  24 28 31 21 9  11 1  23 34 32 29 3  0  20 13 14 16
34 19 7  40 14 26 13 6  24 37 3  28 9  38 36 27 18 4  23 11 31 39 16 5  41 42 8  25 29 32 22 1  12 0  10 35 33 30 15 2  21 20 17
20 24 35 8  22 15 27 14 7  25 6  41 29 1  39 37 28 19 5  10 12 32 40 17 31 38 42 9  26 30 33 23 0  13 2  11 36 34 21 16 3  4  18
25 26 21 36 41 23 16 28 15 8  18 7  38 30 0  40 24 29 20 6  11 13 33 4  35 32 39 42 1  27 31 34 10 2  14 3  12 37 5  22 17 9  19
27 9  26 22 18 38 10 17 29 16 5  19 8  39 31 2  4  25 30 21 7  12 14 34 24 36 33 40 42 0  28 32 35 11 3  15 41 13 1  6  23 37 20
26 3  14 30 0  18 42 12 6  1  31 10 5  4  37 38 11 21 24 33 16 25 32 7  2  20 34 23 17 9  13 19 40 8  36 22 27 29 28 39 41 15 35
41 0  27 15 38 2  19 42 13 7  8  32 11 6  5  24 39 12 22 25 34 17 26 33 30 3  21 35 10 18 1  14 20 4  9  37 23 28 16 29 40 31 36
2  8  38 28 4  39 3  20 42 14 34 9  33 12 7  6  25 40 13 23 26 35 18 27 29 31 41 22 36 11 19 0  15 21 5  1  24 10 32 17 30 16 37
13 25 29 14 17 42 11 5  9  2  23 4  40 36 41 10 20 37 32 15 24 31 6  30 19 33 22 16 8  12 18 39 7  35 21 26 28 0  38 3  1  27 34
33 32 34 35 26 27 28 29 30 31 9  1  0  2  3  41 38 39 40 4  5  6  7  8  23 10 11 12 13 14 15 16 17 18 19 20 21 22 37 24 25 36 42
