62 58 55 64 41 63 60 57 59 61 29 40 28 20 25 27 22 23 24 26 32 35 38 34 44 39 30 37 33 36 68 66 73 67 65 75 72 71 74 69 31 14 56 21 70 3  4  1  42 8  0  5  9  7  2  12 10 17 11 43 19 16 15 18 13 45 54 76 49 51 52 50 47 46 48 53 6  
58 63 60 62 57 41 64 61 56 59 27 22 40 25 29 23 26 28 21 24 36 39 44 31 32 37 35 33 38 34 69 75 65 70 68 71 66 74 73 67 30 16 55 20 72 9  6  42 5  1  8  2  0  3  4  13 19 43 14 12 15 10 18 17 11 51 50 47 76 52 54 46 53 49 45 48 7  
55 60 61 56 62 64 59 58 41 63 21 27 29 26 24 20 23 25 40 28 33 34 39 44 37 31 36 30 35 38 74 67 75 65 71 70 69 72 66 73 32 12 57 22 68 4  42 9  0  3  7  8  6  2  1  18 11 19 43 15 14 13 16 10 17 47 45 50 54 53 48 51 46 52 76 49 5  
64 62 56 60 63 58 55 41 61 57 25 28 23 21 20 29 40 27 26 22 44 30 33 36 38 35 31 39 37 32 65 72 74 69 73 66 70 75 71 68 34 11 59 24 67 7  2  8  1  0  9  42 3  6  5  43 16 18 13 17 10 14 19 15 12 48 52 49 46 45 51 54 76 50 53 47 4  
41 57 62 63 59 61 58 56 60 55 28 24 26 27 23 40 21 22 25 20 31 33 36 35 34 38 37 44 32 30 70 74 69 66 67 73 71 65 68 72 39 19 64 29 75 8  3  2  4  5  42 6  1  0  7  14 18 13 10 11 17 15 43 12 16 54 49 48 53 50 46 76 45 47 52 51 9  
63 41 64 58 61 57 62 59 55 56 23 26 22 29 27 28 24 40 20 21 34 37 32 30 36 33 39 38 44 31 67 71 68 72 69 74 75 73 65 70 35 10 60 25 66 0  7  5  2  42 1  4  8  9  6  11 15 12 16 13 18 19 17 43 14 52 46 53 47 54 50 49 48 76 51 45 3  
60 64 59 55 58 62 56 63 57 41 20 23 27 24 21 25 28 29 22 40 38 31 37 32 33 30 34 35 39 44 73 70 71 68 74 72 67 66 75 65 36 13 61 26 69 6  5  0  8  9  3  1  7  4  42 17 14 15 12 18 16 11 10 19 43 53 51 46 50 48 45 52 49 54 47 76 2  
57 61 58 41 56 59 63 55 64 60 40 21 24 23 28 22 20 26 29 25 30 38 34 39 31 44 33 32 36 35 72 73 67 75 70 65 74 68 69 66 37 15 62 27 71 1  9  4  6  2  5  7  42 8  3  16 17 11 19 14 43 18 12 13 10 50 76 45 48 46 49 47 51 53 54 52 0  
59 56 41 61 60 55 57 64 58 62 26 25 20 40 22 24 29 21 23 27 39 32 30 33 35 36 44 34 31 37 75 68 72 74 66 69 65 67 70 71 38 17 63 28 73 5  8  7  3  6  4  9  2  42 0  19 12 16 18 10 13 43 11 14 15 49 53 52 51 76 47 48 54 45 46 50 1  
61 59 63 57 55 56 41 60 62 64 22 20 21 28 40 26 25 24 27 29 35 44 31 37 30 32 38 36 34 39 66 65 70 71 72 68 73 69 67 75 33 18 58 23 74 42 0  6  7  4  2  3  5  1  9  10 43 14 15 16 12 17 13 11 19 46 47 51 45 49 76 53 52 48 50 54 8  
19 15 14 10 17 18 16 43 13 12 35 38 33 31 30 39 44 37 36 32 65 72 74 69 73 66 70 75 71 68 76 51 46 53 49 52 45 54 50 47 67 24 11 34 48 55 61 58 63 62 64 41 60 56 57 40 20 23 26 28 25 21 29 27 22 4  3  1  8  6  7  9  42 0  2  5  59 
43 12 15 17 11 13 18 14 10 16 38 34 36 37 33 44 31 32 35 30 70 74 69 66 67 73 71 65 68 72 45 46 53 52 48 49 50 76 47 51 75 29 19 39 54 58 60 61 59 57 41 56 63 62 55 21 23 26 25 24 28 27 40 22 20 9  1  4  2  0  8  42 6  5  3  7  64 
17 43 19 18 13 12 15 11 16 14 33 36 32 39 37 38 34 44 30 31 67 71 68 72 69 74 75 73 65 70 48 50 47 51 53 46 54 49 76 45 66 25 10 35 52 62 55 57 61 41 63 59 58 64 56 24 27 22 20 26 23 29 28 40 21 3  8  2  5  9  0  1  4  42 7  6  60 
16 10 13 14 15 19 11 18 43 17 31 37 39 36 34 30 33 35 44 38 74 67 75 65 71 70 69 72 66 73 46 48 54 76 50 45 53 51 52 49 68 22 12 32 47 59 41 64 62 60 55 58 56 61 63 23 24 29 40 27 21 26 20 25 28 5  6  0  9  2  4  7  8  3  42 1  57 
10 19 11 16 18 15 14 17 12 43 30 33 37 34 31 35 38 39 32 44 73 70 71 68 74 72 67 66 75 65 49 45 50 47 46 51 48 52 54 76 69 26 13 36 53 56 57 62 58 64 60 63 55 59 41 28 21 27 22 23 20 24 25 29 40 2  7  8  0  4  6  3  1  9  5  42 61 
15 18 16 19 43 17 10 12 11 13 39 44 38 30 35 37 32 33 34 36 68 66 73 67 65 75 72 71 74 69 47 52 49 48 76 54 51 50 46 53 70 21 14 31 45 60 59 63 41 58 62 57 64 55 61 22 25 28 24 40 29 20 27 23 26 6  9  42 1  7  3  0  5  8  4  2  56 
12 13 18 43 14 11 17 16 19 10 44 31 34 33 38 32 30 36 39 35 72 73 67 75 70 65 74 68 69 66 51 49 48 54 45 76 46 47 53 52 71 27 15 37 50 63 64 59 56 61 57 55 41 58 60 20 28 24 29 21 40 23 22 26 25 0  42 6  4  8  1  5  7  2  9  3  62 
18 17 10 15 12 43 19 13 14 11 37 32 44 35 39 33 36 38 31 34 69 75 65 70 68 71 66 74 73 67 53 54 76 45 47 50 52 46 49 48 72 20 16 30 51 64 56 41 57 63 58 61 62 60 59 26 29 40 21 22 27 25 23 28 24 7  0  5  42 3  9  8  2  1  6  4  55 
11 14 43 13 10 16 12 19 18 15 36 35 30 44 32 34 39 31 33 37 75 68 72 74 66 69 65 67 70 71 54 47 51 46 52 53 76 48 45 50 73 28 17 38 49 57 58 55 60 56 59 64 61 41 62 29 22 20 23 25 26 40 24 21 27 1  2  3  7  42 5  4  9  6  8  0  63 
13 11 17 12 16 14 43 10 15 19 32 30 31 38 44 36 35 34 37 39 66 65 70 71 72 68 73 69 67 75 52 76 45 50 51 47 49 53 48 54 74 23 18 33 46 41 62 56 55 59 61 60 57 63 64 25 40 21 27 20 22 28 26 24 29 8  5  7  6  1  42 2  3  4  0  9  58 
47 53 46 76 45 48 49 51 54 52 41 56 59 58 63 57 55 61 64 60 16 17 11 19 14 43 18 12 13 10 20 28 24 29 21 40 23 22 26 25 15 0  50 62 27 73 75 67 70 69 68 72 65 74 66 7  1  4  9  6  42 8  5  2  3  37 44 31 34 33 38 32 30 36 39 35 71 
52 54 48 51 46 50 45 49 47 76 55 58 62 59 56 60 63 64 57 41 17 14 15 12 18 16 11 10 19 43 28 21 27 22 23 20 24 25 29 40 13 2  53 61 26 70 68 71 74 75 66 73 72 67 65 1  6  0  5  8  7  4  3  9  42 36 30 33 37 34 31 35 38 39 32 44 69 
49 76 54 46 53 47 50 48 51 45 58 61 57 64 62 63 59 41 55 56 11 15 12 16 13 18 19 17 43 14 24 27 22 20 26 23 29 28 40 21 10 3  52 60 25 71 72 68 69 65 73 67 74 75 70 4  0  5  7  2  8  9  1  42 6  35 33 36 32 39 37 38 34 44 30 31 66 
48 45 76 53 52 51 47 54 46 50 61 60 55 41 57 59 64 56 58 62 19 12 16 18 10 13 43 11 14 15 29 22 20 23 25 26 40 24 21 27 17 1  49 63 28 68 74 72 66 70 67 75 69 65 71 9  5  7  8  3  2  42 4  6  0  38 36 35 30 44 32 34 39 31 33 37 73 
76 47 50 49 48 53 46 45 52 51 63 59 61 62 58 41 56 57 60 55 14 18 13 10 11 17 15 43 12 16 21 23 26 25 24 28 27 40 22 20 19 9  54 64 29 74 66 69 67 68 65 70 73 71 72 6  8  2  3  4  1  0  42 5  7  39 38 34 36 37 33 44 31 32 35 30 75 
54 50 45 52 49 46 51 76 53 47 60 63 58 56 55 64 41 62 61 57 43 16 18 13 17 10 14 19 15 12 40 20 23 26 28 25 21 29 27 22 11 4  48 59 24 72 69 74 73 71 75 65 66 70 68 42 7  8  2  1  3  6  9  0  5  34 35 38 33 31 30 39 44 37 36 32 67 
51 52 53 45 50 54 48 46 76 49 56 62 64 61 59 55 58 60 41 63 18 11 19 43 15 14 13 16 10 17 23 24 29 40 27 21 26 20 25 28 12 5  47 57 22 67 65 75 71 66 72 74 70 69 73 8  4  9  42 0  6  2  7  3  1  32 31 37 39 36 34 30 33 35 44 38 68 
50 46 51 54 76 49 52 47 48 53 64 41 63 55 60 62 57 58 59 61 12 10 17 11 43 19 16 15 18 13 22 25 28 24 40 29 20 27 23 26 14 6  45 56 21 66 67 73 65 74 71 68 75 72 69 5  3  1  4  42 9  7  0  8  2  31 39 44 38 30 35 37 32 33 34 36 70 
46 49 52 50 47 76 54 53 45 48 62 57 41 60 64 58 61 63 56 59 13 19 43 14 12 15 10 18 17 11 26 29 40 21 22 27 25 23 28 24 16 7  51 55 20 75 70 65 68 73 74 69 71 66 67 2  9  42 6  5  0  3  8  1  4  30 37 32 44 35 39 33 36 38 31 34 72 
53 48 49 47 51 45 76 52 50 54 57 55 56 63 41 61 60 59 62 64 10 43 14 15 16 12 17 13 11 19 25 40 21 27 20 22 28 26 24 29 18 8  46 58 23 65 71 70 72 67 69 66 68 73 75 3  42 6  0  7  5  1  2  4  9  33 32 30 31 38 44 36 35 34 37 39 74 
22 26 23 40 21 24 28 20 29 25 65 70 67 74 73 68 72 69 75 66 51 49 48 54 45 76 46 47 53 52 7  1  4  9  6  42 8  5  2  3  50 37 27 71 0  17 19 11 14 13 12 16 43 18 10 30 38 34 39 31 44 33 32 36 35 62 41 56 59 58 63 57 55 61 64 60 15 
25 29 24 20 23 27 21 28 22 40 72 74 71 67 70 66 73 75 68 65 49 45 50 47 46 51 48 52 54 76 1  6  0  5  8  7  4  3  9  42 53 36 26 69 2  14 12 15 18 19 10 17 16 11 43 38 31 37 32 33 30 34 35 39 44 61 55 58 62 59 56 60 63 64 57 41 13 
28 40 29 23 26 22 27 24 20 21 74 69 68 75 71 73 67 65 72 70 48 50 47 51 53 46 54 49 76 45 4  0  5  7  2  8  9  1  42 6  52 35 25 66 3  15 16 12 13 43 17 11 18 19 14 34 37 32 30 36 33 39 38 44 31 60 58 61 57 64 62 63 59 41 55 56 10 
24 21 40 26 25 20 22 29 23 27 69 66 72 65 68 67 75 70 74 71 54 47 51 46 52 53 76 48 45 50 9  5  7  8  3  2  42 4  6  0  49 38 28 73 1  12 18 16 10 14 11 19 13 43 15 39 32 30 33 35 36 44 34 31 37 63 61 60 55 41 57 59 64 56 58 62 17 
40 22 27 28 24 26 23 21 25 20 73 67 69 71 74 65 70 68 66 72 45 46 53 52 48 49 50 76 47 51 6  8  2  3  4  1  0  42 5  7  54 39 29 75 9  18 10 13 11 12 43 14 17 15 16 31 33 36 35 34 38 37 44 32 30 64 63 59 61 62 58 41 56 57 60 55 19 
29 27 21 25 28 23 20 40 26 22 66 73 74 70 72 75 65 71 69 68 76 51 46 53 49 52 45 54 50 47 42 7  8  2  1  3  6  9  0  5  48 34 24 67 4  16 13 18 17 15 19 43 10 14 12 44 30 33 36 38 35 31 39 37 32 59 60 63 58 56 55 64 41 62 61 57 11 
20 25 26 21 27 29 24 23 40 28 70 71 75 69 67 72 74 66 65 73 46 48 54 76 50 45 53 51 52 49 8  4  9  42 0  6  2  7  3  1  47 32 22 68 5  11 43 19 15 10 16 18 14 13 17 33 34 39 44 37 31 36 30 35 38 57 56 62 64 61 59 55 58 60 41 63 12 
27 23 20 29 40 28 25 22 24 26 75 65 73 72 66 71 68 74 67 69 47 52 49 48 76 54 51 50 46 53 5  3  1  4  42 9  7  0  8  2  45 31 21 70 6  10 11 17 43 18 15 12 19 16 13 32 35 38 34 44 39 30 37 33 36 56 64 41 63 55 60 62 57 58 59 61 14 
23 28 25 27 22 40 29 26 21 24 71 68 65 66 75 74 69 73 70 67 53 54 76 45 47 50 52 46 49 48 2  9  42 6  5  0  3  8  1  4  51 30 20 72 7  19 14 43 12 17 18 13 15 10 11 36 39 44 31 32 37 35 33 38 34 55 62 57 41 60 64 58 61 63 56 59 16 
26 24 28 22 20 21 40 25 27 29 68 72 70 73 65 69 66 67 71 75 52 76 45 50 51 47 49 53 48 54 3  42 6  0  7  5  1  2  4  9  46 33 23 74 8  43 15 14 16 11 13 10 12 17 19 35 44 31 37 30 32 38 36 34 39 58 57 55 56 63 41 61 60 59 62 64 18 
45 51 47 48 54 52 53 50 49 46 59 64 60 57 61 56 62 55 63 58 15 13 10 17 19 11 12 14 16 18 27 26 25 28 29 24 22 21 20 23 65 40 43 44 76 69 73 66 75 72 70 71 67 68 74 0  2  3  1  9  4  5  6  7  8  42 34 39 35 32 36 31 37 30 38 33 41 
70 72 68 67 75 66 69 71 73 74 4  9  3  5  2  6  0  7  1  8  62 61 60 63 64 59 57 56 55 58 15 13 10 17 19 11 12 14 16 18 44 43 41 40 65 36 38 35 39 30 31 37 34 32 33 50 53 52 49 54 48 47 45 51 46 76 24 29 25 22 26 21 27 20 28 23 42 
56 55 57 59 64 60 61 62 63 58 24 29 25 22 26 21 27 20 28 23 37 36 35 38 39 34 32 31 30 33 71 69 66 73 75 67 68 70 72 74 42 65 44 76 41 2  1  3  9  7  6  0  4  5  8  15 13 10 17 19 11 12 14 16 18 43 48 54 52 47 53 45 50 51 49 46 40 
14 16 12 11 19 10 13 15 17 18 34 39 35 32 36 31 37 30 38 33 71 69 66 73 75 67 68 70 72 74 50 53 52 49 54 48 47 45 51 46 41 76 65 42 43 61 63 60 64 55 56 62 59 57 58 27 26 25 28 29 24 22 21 20 23 40 4  9  3  5  2  6  0  7  1  8  44 
21 20 22 24 29 25 26 27 28 23 67 75 66 68 69 70 71 72 73 74 50 53 52 49 54 48 47 45 51 46 0  2  3  1  9  4  5  6  7  8  43 42 76 41 40 13 17 10 19 16 14 15 11 12 18 37 36 35 38 39 34 32 31 30 33 44 59 64 60 57 61 56 62 55 63 58 65 
35 39 34 30 33 37 31 38 32 44 51 46 50 48 45 52 49 54 47 76 1  6  0  5  8  7  4  3  9  42 63 56 62 57 58 55 59 60 64 41 2  69 36 53 61 21 22 27 23 29 25 28 20 24 40 73 70 71 68 74 72 67 66 75 65 13 16 18 15 11 14 10 17 19 12 43 26 
34 31 44 36 35 30 32 39 33 37 53 52 51 76 47 48 54 45 46 50 9  5  7  8  3  2  42 4  6  0  64 57 55 58 60 61 41 59 56 62 1  73 38 49 63 22 23 20 25 21 24 29 26 40 27 75 68 72 74 66 69 65 67 70 71 17 13 10 16 43 12 11 19 14 18 15 28 
38 44 39 33 36 32 37 34 30 31 46 53 47 54 50 49 48 76 51 45 4  0  5  7  2  8  9  1  42 6  59 62 57 55 61 58 64 63 41 56 3  66 35 52 60 27 20 22 26 40 28 24 23 29 21 67 71 68 72 69 74 75 73 65 70 10 18 13 12 19 15 17 11 43 16 14 25 
44 32 37 38 34 36 33 31 35 30 49 48 53 50 46 76 45 47 52 51 6  8  2  3  4  1  0  42 5  7  56 58 61 60 59 63 62 41 57 55 9  75 39 54 64 23 25 26 24 22 40 21 28 27 20 70 74 69 66 67 73 71 65 68 72 19 17 11 13 15 18 43 14 12 10 16 29 
33 38 35 37 32 44 39 36 31 34 50 47 76 52 54 46 53 49 45 48 2  9  42 6  5  0  3  8  1  4  61 64 41 56 57 62 60 58 63 59 7  72 30 51 55 29 21 40 22 28 23 26 27 25 24 69 75 65 70 68 71 66 74 73 67 16 15 12 43 10 19 18 13 17 14 11 20 
37 33 30 39 44 38 35 32 34 36 54 76 49 51 52 50 47 46 48 53 5  3  1  4  42 9  7  0  8  2  57 60 63 59 41 64 55 62 58 61 6  70 31 45 56 25 24 28 40 23 27 22 29 20 26 68 66 73 67 65 75 72 71 74 69 14 19 43 17 16 10 15 12 18 11 13 21 
32 36 33 44 31 34 38 30 39 35 76 45 48 46 49 47 51 53 54 52 7  1  4  9  6  42 8  5  2  3  55 63 59 64 56 41 58 57 61 60 0  71 37 50 62 28 29 24 21 26 22 20 40 23 25 72 73 67 75 70 65 74 68 69 66 15 43 14 11 18 17 12 16 13 19 10 27 
39 37 31 35 38 33 30 44 36 32 52 49 46 45 51 54 76 50 53 47 42 7  8  2  1  3  6  9  0  5  41 55 58 61 63 60 56 64 62 57 4  67 34 48 59 20 26 23 28 27 29 40 25 21 22 65 72 74 69 73 66 70 75 71 68 11 10 17 18 14 16 19 43 15 13 12 24 
30 35 36 31 37 39 34 33 44 38 45 50 54 53 48 51 46 52 76 49 8  4  9  42 0  6  2  7  3  1  58 59 64 41 62 56 61 55 60 63 5  68 32 47 57 24 40 29 27 25 20 23 21 26 28 74 67 75 65 71 70 69 72 66 73 12 14 15 19 13 11 16 18 10 43 17 22 
36 34 38 32 30 31 44 35 37 39 47 51 45 49 76 53 52 48 50 54 3  42 6  0  7  5  1  2  4  9  60 41 56 62 55 57 63 61 59 64 8  74 33 46 58 40 27 21 20 24 26 25 22 28 29 66 65 70 71 72 68 73 69 67 75 18 12 16 14 17 43 13 10 11 15 19 23 
68 69 74 65 70 67 73 72 75 66 42 6  4  8  1  5  7  2  9  3  55 63 59 64 56 41 58 57 61 60 16 17 11 19 14 43 18 12 13 10 62 50 71 0  15 38 39 34 31 36 32 30 44 33 35 51 49 48 54 45 76 46 47 53 52 27 40 21 24 23 28 22 20 26 29 25 37 
66 75 67 72 74 71 70 73 68 65 7  8  0  4  6  3  1  9  5  42 63 56 62 57 58 55 59 60 64 41 17 14 15 12 18 16 11 10 19 43 61 53 69 2  13 31 32 37 33 39 35 38 30 34 44 49 45 50 47 46 51 48 52 54 76 26 20 23 27 24 21 25 28 29 22 40 36 
73 65 75 74 69 68 71 67 72 70 8  2  5  9  0  1  4  42 7  6  59 62 57 55 61 58 64 63 41 56 11 15 12 16 13 18 19 17 43 14 60 52 66 3  10 37 30 32 36 44 38 34 33 39 31 48 50 47 51 53 46 54 49 76 45 25 23 26 22 29 27 28 24 40 20 21 35 
67 70 65 69 66 72 68 75 74 71 2  3  7  42 5  4  9  6  8  0  64 57 55 58 60 61 41 59 56 62 19 12 16 18 10 13 43 11 14 15 63 49 73 1  17 32 33 30 35 31 34 39 36 44 37 54 47 51 46 52 53 76 48 45 50 28 26 25 20 40 22 24 29 21 23 27 38 
65 68 71 73 67 69 74 70 66 72 1  4  2  0  8  42 6  5  3  7  56 58 61 60 59 63 62 41 57 55 14 18 13 10 11 17 15 43 12 16 64 54 75 9  19 33 35 36 34 32 44 31 38 37 30 45 46 53 52 48 49 50 76 47 51 29 28 24 26 27 23 40 21 22 25 20 39 
75 71 70 66 73 74 72 65 69 68 3  1  8  6  7  9  42 0  2  5  41 55 58 61 63 60 56 64 62 57 43 16 18 13 17 10 14 19 15 12 59 48 67 4  11 30 36 33 38 37 39 44 35 31 32 76 51 46 53 49 52 45 54 50 47 24 25 28 23 21 20 29 40 27 26 22 34 
72 66 69 70 71 75 67 74 65 73 6  0  9  2  4  7  8  3  42 1  58 59 64 41 62 56 61 55 60 63 18 11 19 43 15 14 13 16 10 17 57 47 68 5  12 34 44 39 37 35 30 33 31 36 38 46 48 54 76 50 45 53 51 52 49 22 21 27 29 26 24 20 23 25 40 28 32 
71 74 72 75 65 73 66 68 67 69 9  42 1  7  3  0  5  8  4  2  57 60 63 59 41 64 55 62 58 61 12 10 17 11 43 19 16 15 18 13 56 45 70 6  14 35 34 38 44 33 37 32 39 30 36 47 52 49 48 76 54 51 50 46 53 21 29 40 28 20 25 27 22 23 24 26 31 
74 73 66 71 68 65 75 69 70 67 0  5  42 3  9  8  2  1  6  4  61 64 41 56 57 62 60 58 63 59 13 19 43 14 12 15 10 18 17 11 55 51 72 7  16 39 31 44 32 38 33 36 37 35 34 53 54 76 45 47 50 52 46 49 48 20 27 22 40 25 29 23 26 28 21 24 30 
69 67 73 68 72 70 65 66 71 75 5  7  6  1  42 2  3  4  0  9  60 41 56 62 55 57 63 61 59 64 10 43 14 15 16 12 17 13 11 19 58 46 74 8  18 44 37 31 30 34 36 35 32 38 39 52 76 45 50 51 47 49 53 48 54 23 22 20 21 28 40 26 25 24 27 29 33 
6  7  5  4  9  3  2  0  1  8  11 19 10 12 13 14 15 16 17 18 27 26 25 28 29 24 22 21 20 23 37 36 35 38 39 34 32 31 30 33 76 44 40 65 42 53 49 52 54 51 45 50 48 47 46 62 61 60 63 64 59 57 56 55 58 41 67 75 66 68 69 70 71 72 73 74 43 
9  0  6  3  1  8  7  42 2  5  10 17 18 14 16 19 43 15 13 12 40 20 23 26 28 25 21 29 27 22 44 30 33 36 38 35 31 39 37 32 24 59 4  11 34 51 53 46 49 50 54 76 52 45 47 41 55 58 61 63 60 56 64 62 57 67 66 73 74 70 72 75 65 71 69 68 48 
42 5  0  1  4  2  8  6  3  7  17 11 13 15 18 43 14 12 10 16 21 23 26 25 24 28 27 40 22 20 31 33 36 35 34 38 37 44 32 30 29 64 9  19 39 46 52 53 48 47 76 45 49 50 51 56 58 61 60 59 63 62 41 57 55 75 73 67 69 71 74 65 70 68 66 72 54 
1  42 9  8  2  5  0  4  7  6  18 13 12 19 15 17 11 43 16 14 24 27 22 20 26 23 29 28 40 21 34 37 32 30 36 33 39 38 44 31 25 60 3  10 35 50 51 47 53 76 49 48 46 54 45 59 62 57 55 61 58 64 63 41 56 66 74 69 68 75 71 73 67 65 72 70 52 
7  3  2  6  0  9  4  8  42 1  14 15 19 13 11 16 18 10 43 17 23 24 29 40 27 21 26 20 25 28 33 34 39 44 37 31 36 30 35 38 22 57 5  12 32 48 76 54 50 52 51 46 45 53 49 58 59 64 41 62 56 61 55 60 63 68 70 71 75 69 67 72 74 66 65 73 47 
3  9  4  7  8  0  6  1  5  42 16 18 15 11 14 10 17 19 12 43 28 21 27 22 23 20 24 25 29 40 38 31 37 32 33 30 34 35 39 44 26 61 2  13 36 45 47 50 46 54 52 49 51 48 76 63 56 62 57 58 55 59 60 64 41 69 72 74 71 67 70 66 73 75 68 65 53 
0  8  7  9  42 1  3  5  4  2  19 43 17 16 10 15 12 18 11 13 22 25 28 24 40 29 20 27 23 26 32 35 38 34 44 39 30 37 33 36 21 56 6  14 31 52 48 49 76 46 50 47 54 51 53 57 60 63 59 41 64 55 62 58 61 70 75 65 73 72 66 71 68 74 67 69 45 
5  2  8  42 6  4  1  7  9  3  43 14 11 18 17 12 16 13 19 10 20 28 24 29 21 40 23 22 26 25 30 38 34 39 31 44 33 32 36 35 27 62 0  15 37 49 54 48 45 53 47 51 76 46 52 55 63 59 64 56 41 58 57 61 60 71 65 70 67 74 73 68 72 69 75 66 50 
8  1  3  0  5  42 9  2  6  4  15 12 43 10 19 18 13 17 14 11 26 29 40 21 22 27 25 23 28 24 36 39 44 31 32 37 35 33 38 34 20 55 7  16 30 54 45 76 47 49 46 53 50 52 48 61 64 41 56 57 62 60 58 63 59 72 71 68 65 66 75 74 69 73 70 67 51 
4  6  42 2  3  7  5  9  8  0  13 10 16 43 12 11 19 14 18 15 29 22 20 23 25 26 40 24 21 27 39 32 30 33 35 36 44 34 31 37 28 63 1  17 38 47 46 51 52 45 48 54 53 76 50 64 57 55 58 60 61 41 59 56 62 73 69 66 72 65 68 67 75 70 74 71 49 
2  4  1  5  7  6  42 3  0  9  12 16 14 17 43 13 10 11 15 19 25 40 21 27 20 22 28 26 24 29 35 44 31 37 30 32 38 36 34 39 23 58 8  18 33 76 50 45 51 48 53 52 47 49 54 60 41 56 62 55 57 63 61 59 64 74 68 72 70 73 65 69 66 67 71 75 46 
31 30 32 34 39 35 36 37 38 33 48 54 52 47 53 45 50 51 49 46 0  2  3  1  9  4  5  6  7  8  62 61 60 63 64 59 57 56 55 58 40 41 42 43 44 26 28 25 29 20 21 27 24 22 23 71 69 66 73 75 67 68 70 72 74 65 11 19 10 12 13 14 15 16 17 18 76 
