71 69 65 68 75 74 67 72 66 73 30 38 43 36 31 37 35 32 33 34 0  7  40 9  1  6  5  2  3  4  55 63 42 61 56 62 60 57 58 59 70 8  29 64 39 45 53 76 51 46 52 50 47 48 49 20 28 41 26 21 27 25 22 23 24 19 11 44 15 13 14 10 16 17 12 18 54 
69 75 72 66 68 67 71 73 65 70 38 31 33 34 36 32 39 30 35 43 7  1  3  4  9  2  8  0  5  40 63 56 58 59 61 57 64 55 60 42 74 6  27 62 37 53 46 48 49 51 47 54 45 50 76 28 21 23 24 26 22 29 20 25 41 17 16 13 19 15 44 18 14 12 10 11 52 
65 72 67 70 73 68 66 71 74 69 43 33 32 39 35 36 38 34 30 37 40 3  2  8  5  9  7  4  0  6  42 58 57 64 60 61 63 59 55 62 75 1  21 56 31 76 48 47 54 50 51 53 49 45 52 41 23 22 29 25 26 28 24 20 27 11 15 12 18 10 17 44 19 16 14 13 46 
68 66 70 72 65 69 75 74 73 67 36 34 39 33 43 38 32 31 37 35 9  4  8  3  40 7  2  1  6  5  61 59 64 58 42 63 57 56 62 60 71 0  20 55 30 51 49 54 48 76 53 47 46 52 50 26 24 29 23 41 28 22 21 27 25 10 44 19 12 17 15 16 13 18 11 14 45 
75 68 73 65 66 71 69 70 72 74 31 36 35 43 34 30 37 38 39 33 1  9  5  40 4  0  6  7  8  3  56 61 60 42 59 55 62 63 64 58 67 2  22 57 32 46 51 50 76 49 45 52 53 54 48 21 26 25 41 24 20 27 28 29 23 12 14 15 17 19 13 11 44 10 18 16 47 
74 67 68 69 71 73 70 66 75 65 37 32 36 38 30 35 43 39 34 31 6  2  9  7  0  5  40 8  4  1  62 57 61 63 55 60 42 64 59 56 72 3  23 58 33 52 47 51 53 45 50 76 54 49 46 27 22 26 28 20 25 41 29 24 21 13 10 16 44 14 11 17 18 15 19 12 48 
67 71 66 75 69 70 74 65 68 72 32 30 34 31 38 39 33 37 43 36 2  0  4  1  7  8  3  6  40 9  57 55 59 56 63 64 58 62 42 61 73 5  25 60 35 47 45 49 46 53 54 48 52 76 51 22 20 24 21 28 29 23 27 41 26 15 18 14 13 44 16 12 11 19 17 10 50 
72 73 71 74 70 66 65 69 67 75 33 35 30 37 39 34 31 43 38 32 3  5  0  6  8  4  1  40 7  2  58 60 55 62 64 59 56 42 63 57 68 9  26 61 36 48 50 45 52 54 49 46 76 53 47 23 25 20 27 29 24 21 41 28 22 16 19 10 11 18 12 13 17 14 44 15 51 
66 65 74 73 72 75 68 67 70 71 34 43 37 35 33 31 30 36 32 39 4  40 6  5  3  1  0  9  2  8  59 42 62 60 58 56 55 61 57 64 69 7  28 63 38 49 76 52 50 48 46 45 51 47 54 24 41 27 25 23 21 20 26 22 29 18 13 17 10 12 19 14 15 11 16 44 53 
73 70 69 67 74 65 72 75 71 68 35 39 38 32 37 43 36 33 31 30 5  8  7  2  6  40 9  3  1  0  60 64 63 57 62 42 61 58 56 55 66 4  24 59 34 50 54 53 47 52 76 51 48 46 45 25 29 28 22 27 41 26 23 21 20 14 17 18 16 11 10 15 12 44 13 19 49 
45 53 76 51 46 52 47 48 49 50 71 69 65 68 75 74 73 67 72 66 20 28 41 26 21 27 25 22 23 24 0  7  40 9  1  6  5  2  3  4  54 29 19 8  70 55 63 42 61 56 62 60 57 58 59 10 18 44 16 11 17 15 12 13 14 39 31 43 35 33 34 30 36 37 32 38 64 
53 46 48 49 51 47 45 50 76 54 69 75 72 66 68 67 70 71 73 65 28 21 23 24 26 22 29 20 25 41 7  1  3  4  9  2  8  0  5  40 52 27 17 6  74 63 56 58 59 61 57 64 55 60 42 18 11 13 14 16 12 19 10 15 44 37 36 33 39 35 43 38 34 32 30 31 62 
76 48 47 54 50 51 49 45 52 53 65 72 67 70 73 68 69 66 71 74 41 23 22 29 25 26 28 24 20 27 40 3  2  8  5  9  7  4  0  6  46 21 11 1  75 42 58 57 64 60 61 63 59 55 62 44 13 12 19 15 16 18 14 10 17 31 35 32 38 30 37 43 39 36 34 33 56 
51 49 54 48 76 53 46 52 50 47 68 66 70 72 65 69 67 75 74 73 26 24 29 23 41 28 22 21 27 25 9  4  8  3  40 7  2  1  6  5  45 20 10 0  71 61 59 64 58 42 63 57 56 62 60 16 14 19 13 44 18 12 11 17 15 30 43 39 32 37 35 36 33 38 31 34 55 
46 51 50 76 49 45 53 54 48 52 75 68 73 65 66 71 74 69 70 72 21 26 25 41 24 20 27 28 29 23 1  9  5  40 4  0  6  7  8  3  47 22 12 2  67 56 61 60 42 59 55 62 63 64 58 11 16 15 44 14 10 17 18 19 13 32 34 35 37 39 33 31 43 30 38 36 57 
52 47 51 53 45 50 54 49 46 76 74 67 68 69 71 73 65 70 66 75 27 22 26 28 20 25 41 29 24 21 6  2  9  7  0  5  40 8  4  1  48 23 13 3  72 62 57 61 63 55 60 42 64 59 56 17 12 16 18 10 15 44 19 14 11 33 30 36 43 34 31 37 38 35 39 32 58 
50 54 53 47 52 76 48 46 45 51 73 70 69 67 74 65 68 72 75 71 25 29 28 22 27 41 26 23 21 20 5  8  7  2  6  40 9  3  1  0  49 24 14 4  66 60 64 63 57 62 42 61 58 56 55 15 19 18 12 17 44 16 13 11 10 34 37 38 36 31 30 35 32 43 33 39 59 
47 45 49 46 53 54 52 76 51 48 67 71 66 75 69 70 72 74 65 68 22 20 24 21 28 29 23 27 41 26 2  0  4  1  7  8  3  6  40 9  50 25 15 5  73 57 55 59 56 63 64 58 62 42 61 12 10 14 11 18 19 13 17 44 16 35 38 34 33 43 36 32 31 39 37 30 60 
48 50 45 52 54 49 76 53 47 46 72 73 71 74 70 66 75 65 69 67 23 25 20 27 29 24 21 41 28 22 3  5  0  6  8  4  1  40 7  2  51 26 16 9  68 58 60 55 62 64 59 56 42 63 57 13 15 10 17 19 14 11 44 18 12 36 39 30 31 38 32 33 37 34 43 35 61 
49 76 52 50 48 46 51 47 54 45 66 65 74 73 72 75 71 68 67 70 24 41 27 25 23 21 20 26 22 29 4  40 6  5  3  1  0  9  2  8  53 28 18 7  69 59 42 62 60 58 56 55 61 57 64 14 44 17 15 13 11 10 16 12 19 38 33 37 30 32 39 34 35 31 36 43 63 
20 28 41 26 21 27 22 23 24 25 0  7  40 9  1  6  5  2  3  4  71 69 65 68 75 74 73 67 72 66 30 38 43 36 31 37 35 32 33 34 29 70 54 39 8  10 18 44 16 11 17 15 12 13 14 45 53 76 51 46 52 50 47 48 49 64 56 42 60 58 59 55 61 62 57 63 19 
28 21 23 24 26 22 20 25 41 29 7  1  3  4  9  2  8  0  5  40 69 75 72 66 68 67 70 71 73 65 38 31 33 34 36 32 39 30 35 43 27 74 52 37 6  18 11 13 14 16 12 19 10 15 44 53 46 48 49 51 47 54 45 50 76 62 61 58 64 60 42 63 59 57 55 56 17 
41 23 22 29 25 26 24 20 27 28 40 3  2  8  5  9  7  4  0  6  65 72 67 70 73 68 69 66 71 74 43 33 32 39 35 36 38 34 30 37 21 75 46 31 1  44 13 12 19 15 16 18 14 10 17 76 48 47 54 50 51 53 49 45 52 56 60 57 63 55 62 42 64 61 59 58 11 
26 24 29 23 41 28 21 27 25 22 9  4  8  3  40 7  2  1  6  5  68 66 70 72 65 69 67 75 74 73 36 34 39 33 43 38 32 31 37 35 20 71 45 30 0  16 14 19 13 44 18 12 11 17 15 51 49 54 48 76 53 47 46 52 50 55 42 64 57 62 60 61 58 63 56 59 10 
21 26 25 41 24 20 28 29 23 27 1  9  5  40 4  0  6  7  8  3  75 68 73 65 66 71 74 69 70 72 31 36 35 43 34 30 37 38 39 33 22 67 47 32 2  11 16 15 44 14 10 17 18 19 13 46 51 50 76 49 45 52 53 54 48 57 59 60 62 64 58 56 42 55 63 61 12 
27 22 26 28 20 25 29 24 21 41 6  2  9  7  0  5  40 8  4  1  74 67 68 69 71 73 65 70 66 75 37 32 36 38 30 35 43 39 34 31 23 72 48 33 3  17 12 16 18 10 15 44 19 14 11 52 47 51 53 45 50 76 54 49 46 58 55 61 42 59 56 62 63 60 64 57 13 
25 29 28 22 27 41 23 21 20 26 5  8  7  2  6  40 9  3  1  0  73 70 69 67 74 65 68 72 75 71 35 39 38 32 37 43 36 33 31 30 24 66 49 34 4  15 19 18 12 17 44 16 13 11 10 50 54 53 47 52 76 51 48 46 45 59 62 63 61 56 55 60 57 42 58 64 14 
22 20 24 21 28 29 27 41 26 23 2  0  4  1  7  8  3  6  40 9  67 71 66 75 69 70 72 74 65 68 32 30 34 31 38 39 33 37 43 36 25 73 50 35 5  12 10 14 11 18 19 13 17 44 16 47 45 49 46 53 54 48 52 76 51 60 63 59 58 42 61 57 56 64 62 55 15 
23 25 20 27 29 24 41 28 22 21 3  5  0  6  8  4  1  40 7  2  72 73 71 74 70 66 75 65 69 67 33 35 30 37 39 34 31 43 38 32 26 68 51 36 9  13 15 10 17 19 14 11 44 18 12 48 50 45 52 54 49 46 76 53 47 61 64 55 56 63 57 58 62 59 42 60 16 
24 41 27 25 23 21 26 22 29 20 4  40 6  5  3  1  0  9  2  8  66 65 74 73 72 75 71 68 67 70 34 43 37 35 33 31 30 36 32 39 28 69 53 38 7  14 44 17 15 13 11 10 16 12 19 49 76 52 50 48 46 45 51 47 54 63 58 62 55 57 64 59 60 56 61 42 18 
10 18 44 16 11 17 12 13 14 15 20 28 41 26 21 27 25 22 23 24 45 53 76 51 46 52 50 47 48 49 71 69 65 68 75 74 73 67 72 66 19 54 64 70 29 30 38 43 36 31 37 35 32 33 34 55 63 42 61 56 62 60 57 58 59 8  1  40 5  3  4  0  9  6  2  7  39 
18 11 13 14 16 12 10 15 44 19 28 21 23 24 26 22 29 20 25 41 53 46 48 49 51 47 54 45 50 76 69 75 72 66 68 67 70 71 73 65 17 52 62 74 27 38 31 33 34 36 32 39 30 35 43 63 56 58 59 61 57 64 55 60 42 6  9  3  8  5  40 7  4  2  0  1  37 
44 13 12 19 15 16 14 10 17 18 41 23 22 29 25 26 28 24 20 27 76 48 47 54 50 51 53 49 45 52 65 72 67 70 73 68 69 66 71 74 11 46 56 75 21 43 33 32 39 35 36 38 34 30 37 42 58 57 64 60 61 63 59 55 62 1  5  2  7  0  6  40 8  9  4  3  31 
16 14 19 13 44 18 11 17 15 12 26 24 29 23 41 28 22 21 27 25 51 49 54 48 76 53 47 46 52 50 68 66 70 72 65 69 67 75 74 73 10 45 55 71 20 36 34 39 33 43 38 32 31 37 35 61 59 64 58 42 63 57 56 62 60 0  40 8  2  6  5  9  3  7  1  4  30 
11 16 15 44 14 10 18 19 13 17 21 26 25 41 24 20 27 28 29 23 46 51 50 76 49 45 52 53 54 48 75 68 73 65 66 71 74 69 70 72 12 47 57 67 22 31 36 35 43 34 30 37 38 39 33 56 61 60 42 59 55 62 63 64 58 2  4  5  6  8  3  1  40 0  7  9  32 
17 12 16 18 10 15 19 14 11 44 27 22 26 28 20 25 41 29 24 21 52 47 51 53 45 50 76 54 49 46 74 67 68 69 71 73 65 70 66 75 13 48 58 72 23 37 32 36 38 30 35 43 39 34 31 62 57 61 63 55 60 42 64 59 56 3  0  9  40 4  1  6  7  5  8  2  33 
15 19 18 12 17 44 13 11 10 16 25 29 28 22 27 41 26 23 21 20 50 54 53 47 52 76 51 48 46 45 73 70 69 67 74 65 68 72 75 71 14 49 59 66 24 35 39 38 32 37 43 36 33 31 30 60 64 63 57 62 42 61 58 56 55 4  6  7  9  1  0  5  2  40 3  8  34 
12 10 14 11 18 19 17 44 16 13 22 20 24 21 28 29 23 27 41 26 47 45 49 46 53 54 48 52 76 51 67 71 66 75 69 70 72 74 65 68 15 50 60 73 25 32 30 34 31 38 39 33 37 43 36 57 55 59 56 63 64 58 62 42 61 5  7  4  3  40 9  2  1  8  6  0  35 
13 15 10 17 19 14 44 18 12 11 23 25 20 27 29 24 21 41 28 22 48 50 45 52 54 49 46 76 53 47 72 73 71 74 70 66 75 65 69 67 16 51 61 68 26 33 35 30 37 39 34 31 43 38 32 58 60 55 62 64 59 56 42 63 57 9  8  0  1  7  2  3  6  4  40 5  36 
14 44 17 15 13 11 16 12 19 10 24 41 27 25 23 21 20 26 22 29 49 76 52 50 48 46 45 51 47 54 66 65 74 73 72 75 71 68 67 70 18 53 63 69 28 34 43 37 35 33 31 30 36 32 39 59 42 62 60 58 56 55 61 57 64 7  3  6  0  2  8  4  5  1  9  40 38 
70 74 75 71 67 72 73 68 69 66 39 37 31 30 32 33 34 35 36 38 8  6  1  0  2  3  4  5  9  7  64 62 56 55 57 58 59 60 61 63 76 41 44 40 65 54 52 46 45 47 48 49 50 51 53 29 27 21 20 22 23 24 25 26 28 43 12 11 14 16 18 19 10 13 15 17 42 
29 27 21 20 22 23 25 26 28 24 8  6  1  0  2  3  4  5  9  7  70 74 75 71 67 72 66 73 68 69 39 37 31 30 32 33 34 35 36 38 44 76 42 65 41 19 17 11 10 12 13 14 15 16 18 54 52 46 45 47 48 49 50 51 53 40 57 56 59 61 63 64 55 58 60 62 43 
8  6  1  0  2  3  5  9  7  4  64 62 56 55 57 58 59 60 61 63 39 37 31 30 32 33 34 35 36 38 19 17 11 10 12 13 14 15 16 18 41 65 76 43 40 29 27 21 20 22 23 24 25 26 28 70 74 75 71 67 72 66 73 68 69 42 47 46 49 51 53 54 45 48 50 52 44 
19 17 11 10 12 13 15 16 18 14 29 27 21 20 22 23 24 25 26 28 54 52 46 45 47 48 49 50 51 53 70 74 75 71 67 72 66 73 68 69 43 42 40 76 44 39 37 31 30 32 33 34 35 36 38 64 62 56 55 57 58 59 60 61 63 41 2  1  4  9  7  8  0  3  5  6  65 
54 52 46 45 47 48 50 51 53 49 70 74 75 71 67 72 66 73 68 69 29 27 21 20 22 23 24 25 26 28 8  6  1  0  2  3  4  5  9  7  42 44 43 41 76 64 62 56 55 57 58 59 60 61 63 19 17 11 10 12 13 14 15 16 18 65 32 31 34 36 38 39 30 33 35 37 40 
30 38 43 36 31 37 32 33 34 35 10 18 44 16 11 17 15 12 13 14 55 63 42 61 56 62 60 57 58 59 45 53 76 51 46 52 50 47 48 49 39 64 8  54 19 71 69 65 68 75 74 73 67 72 66 0  7  40 9  1  6  5  2  3  4  29 21 41 25 23 24 20 26 27 22 28 70 
38 31 33 34 36 32 30 35 43 39 18 11 13 14 16 12 19 10 15 44 63 56 58 59 61 57 64 55 60 42 53 46 48 49 51 47 54 45 50 76 37 62 6  52 17 69 75 72 66 68 67 70 71 73 65 7  1  3  4  9  2  8  0  5  40 27 26 23 29 25 41 28 24 22 20 21 74 
43 33 32 39 35 36 34 30 37 38 44 13 12 19 15 16 18 14 10 17 42 58 57 64 60 61 63 59 55 62 76 48 47 54 50 51 53 49 45 52 31 56 1  46 11 65 72 67 70 73 68 69 66 71 74 40 3  2  8  5  9  7  4  0  6  21 25 22 28 20 27 41 29 26 24 23 75 
36 34 39 33 43 38 31 37 35 32 16 14 19 13 44 18 12 11 17 15 61 59 64 58 42 63 57 56 62 60 51 49 54 48 76 53 47 46 52 50 30 55 0  45 10 68 66 70 72 65 69 67 75 74 73 9  4  8  3  40 7  2  1  6  5  20 41 29 22 27 25 26 23 28 21 24 71 
31 36 35 43 34 30 38 39 33 37 11 16 15 44 14 10 17 18 19 13 56 61 60 42 59 55 62 63 64 58 46 51 50 76 49 45 52 53 54 48 32 57 2  47 12 75 68 73 65 66 71 74 69 70 72 1  9  5  40 4  0  6  7  8  3  22 24 25 27 29 23 21 41 20 28 26 67 
37 32 36 38 30 35 39 34 31 43 17 12 16 18 10 15 44 19 14 11 62 57 61 63 55 60 42 64 59 56 52 47 51 53 45 50 76 54 49 46 33 58 3  48 13 74 67 68 69 71 73 65 70 66 75 6  2  9  7  0  5  40 8  4  1  23 20 26 41 24 21 27 28 25 29 22 72 
35 39 38 32 37 43 33 31 30 36 15 19 18 12 17 44 16 13 11 10 60 64 63 57 62 42 61 58 56 55 50 54 53 47 52 76 51 48 46 45 34 59 4  49 14 73 70 69 67 74 65 68 72 75 71 5  8  7  2  6  40 9  3  1  0  24 27 28 26 21 20 25 22 41 23 29 66 
32 30 34 31 38 39 37 43 36 33 12 10 14 11 18 19 13 17 44 16 57 55 59 56 63 64 58 62 42 61 47 45 49 46 53 54 48 52 76 51 35 60 5  50 15 67 71 66 75 69 70 72 74 65 68 2  0  4  1  7  8  3  6  40 9  25 28 24 23 41 26 22 21 29 27 20 73 
33 35 30 37 39 34 43 38 32 31 13 15 10 17 19 14 11 44 18 12 58 60 55 62 64 59 56 42 63 57 48 50 45 52 54 49 46 76 53 47 36 61 9  51 16 72 73 71 74 70 66 75 65 69 67 3  5  0  6  8  4  1  40 7  2  26 29 20 21 28 22 23 27 24 41 25 68 
34 43 37 35 33 31 36 32 39 30 14 44 17 15 13 11 10 16 12 19 59 42 62 60 58 56 55 61 57 64 49 76 52 50 48 46 45 51 47 54 38 63 7  53 18 66 65 74 73 72 75 71 68 67 70 4  40 6  5  3  1  0  9  2  8  28 23 27 20 22 29 24 25 21 26 41 69 
0  7  40 9  1  6  2  3  4  5  55 63 42 61 56 62 60 57 58 59 30 38 43 36 31 37 35 32 33 34 10 18 44 16 11 17 15 12 13 14 8  39 70 19 64 20 28 41 26 21 27 25 22 23 24 71 69 65 68 75 74 73 67 72 66 54 46 76 50 48 49 45 51 52 47 53 29 
7  1  3  4  9  2  0  5  40 8  63 56 58 59 61 57 64 55 60 42 38 31 33 34 36 32 39 30 35 43 18 11 13 14 16 12 19 10 15 44 6  37 74 17 62 28 21 23 24 26 22 29 20 25 41 69 75 72 66 68 67 70 71 73 65 52 51 48 54 50 76 53 49 47 45 46 27 
40 3  2  8  5  9  4  0  6  7  42 58 57 64 60 61 63 59 55 62 43 33 32 39 35 36 38 34 30 37 44 13 12 19 15 16 18 14 10 17 1  31 75 11 56 41 23 22 29 25 26 28 24 20 27 65 72 67 70 73 68 69 66 71 74 46 50 47 53 45 52 76 54 51 49 48 21 
9  4  8  3  40 7  1  6  5  2  61 59 64 58 42 63 57 56 62 60 36 34 39 33 43 38 32 31 37 35 16 14 19 13 44 18 12 11 17 15 0  30 71 10 55 26 24 29 23 41 28 22 21 27 25 68 66 70 72 65 69 67 75 74 73 45 76 54 47 52 50 51 48 53 46 49 20 
1  9  5  40 4  0  7  8  3  6  56 61 60 42 59 55 62 63 64 58 31 36 35 43 34 30 37 38 39 33 11 16 15 44 14 10 17 18 19 13 2  32 67 12 57 21 26 25 41 24 20 27 28 29 23 75 68 73 65 66 71 74 69 70 72 47 49 50 52 54 48 46 76 45 53 51 22 
6  2  9  7  0  5  8  4  1  40 62 57 61 63 55 60 42 64 59 56 37 32 36 38 30 35 43 39 34 31 17 12 16 18 10 15 44 19 14 11 3  33 72 13 58 27 22 26 28 20 25 41 29 24 21 74 67 68 69 71 73 65 70 66 75 48 45 51 76 49 46 52 53 50 54 47 23 
5  8  7  2  6  40 3  1  0  9  60 64 63 57 62 42 61 58 56 55 35 39 38 32 37 43 36 33 31 30 15 19 18 12 17 44 16 13 11 10 4  34 66 14 59 25 29 28 22 27 41 26 23 21 20 73 70 69 67 74 65 68 72 75 71 49 52 53 51 46 45 50 47 76 48 54 24 
2  0  4  1  7  8  6  40 9  3  57 55 59 56 63 64 58 62 42 61 32 30 34 31 38 39 33 37 43 36 12 10 14 11 18 19 13 17 44 16 5  35 73 15 60 22 20 24 21 28 29 23 27 41 26 67 71 66 75 69 70 72 74 65 68 50 53 49 48 76 51 47 46 54 52 45 25 
3  5  0  6  8  4  40 7  2  1  58 60 55 62 64 59 56 42 63 57 33 35 30 37 39 34 31 43 38 32 13 15 10 17 19 14 11 44 18 12 9  36 68 16 61 23 25 20 27 29 24 21 41 28 22 72 73 71 74 70 66 75 65 69 67 51 54 45 46 53 47 48 52 49 76 50 26 
4  40 6  5  3  1  9  2  8  0  59 42 62 60 58 56 55 61 57 64 34 43 37 35 33 31 30 36 32 39 14 44 17 15 13 11 10 16 12 19 7  38 69 18 63 24 41 27 25 23 21 20 26 22 29 66 65 74 73 72 75 71 68 67 70 53 48 52 45 47 54 49 50 46 51 76 28 
64 62 56 55 57 58 60 61 63 59 54 52 46 45 47 48 49 50 51 53 19 17 11 10 12 13 14 15 16 18 29 27 21 20 22 23 24 25 26 28 40 43 65 44 42 8  6  1  0  2  3  4  5  9  7  39 37 31 30 32 33 34 35 36 38 76 67 75 66 68 69 70 71 72 73 74 41 
56 61 60 42 59 55 63 64 58 62 46 51 50 76 49 45 52 53 54 48 11 16 15 44 14 10 17 18 19 13 21 26 25 41 24 20 27 28 29 23 57 12 32 22 47 1  9  5  40 4  0  6  7  8  3  31 36 35 43 34 30 37 38 39 33 67 66 73 74 70 72 75 65 71 69 68 2  
42 58 57 64 60 61 59 55 62 63 76 48 47 54 50 51 53 49 45 52 44 13 12 19 15 16 18 14 10 17 41 23 22 29 25 26 28 24 20 27 56 11 31 21 46 40 3  2  8  5  9  7  4  0  6  43 33 32 39 35 36 38 34 30 37 75 73 67 69 71 74 65 70 68 66 72 1  
60 64 63 57 62 42 58 56 55 61 50 54 53 47 52 76 51 48 46 45 15 19 18 12 17 44 16 13 11 10 25 29 28 22 27 41 26 23 21 20 59 14 34 24 49 5  8  7  2  6  40 9  3  1  0  35 39 38 32 37 43 36 33 31 30 66 74 69 68 75 71 73 67 65 72 70 4  
58 60 55 62 64 59 42 63 57 56 48 50 45 52 54 49 46 76 53 47 13 15 10 17 19 14 11 44 18 12 23 25 20 27 29 24 21 41 28 22 61 16 36 26 51 3  5  0  6  8  4  1  40 7  2  33 35 30 37 39 34 31 43 38 32 68 70 71 75 69 67 72 74 66 65 73 9  
59 42 62 60 58 56 61 57 64 55 49 76 52 50 48 46 45 51 47 54 14 44 17 15 13 11 10 16 12 19 24 41 27 25 23 21 20 26 22 29 63 18 38 28 53 4  40 6  5  3  1  0  9  2  8  34 43 37 35 33 31 30 36 32 39 69 72 74 71 67 70 66 73 75 68 65 7  
55 63 42 61 56 62 57 58 59 60 45 53 76 51 46 52 50 47 48 49 10 18 44 16 11 17 15 12 13 14 20 28 41 26 21 27 25 22 23 24 64 19 39 29 54 0  7  40 9  1  6  5  2  3  4  30 38 43 36 31 37 35 32 33 34 70 75 65 73 72 66 71 68 74 67 69 8  
61 59 64 58 42 63 56 62 60 57 51 49 54 48 76 53 47 46 52 50 16 14 19 13 44 18 12 11 17 15 26 24 29 23 41 28 22 21 27 25 55 10 30 20 45 9  4  8  3  40 7  2  1  6  5  36 34 39 33 43 38 32 31 37 35 71 65 70 67 74 73 68 72 69 75 66 0  
62 57 61 63 55 60 64 59 56 42 52 47 51 53 45 50 76 54 49 46 17 12 16 18 10 15 44 19 14 11 27 22 26 28 20 25 41 29 24 21 58 13 33 23 48 6  2  9  7  0  5  40 8  4  1  37 32 36 38 30 35 43 39 34 31 72 71 68 65 66 75 74 69 73 70 67 3  
57 55 59 56 63 64 62 42 61 58 47 45 49 46 53 54 48 52 76 51 12 10 14 11 18 19 13 17 44 16 22 20 24 21 28 29 23 27 41 26 60 15 35 25 50 2  0  4  1  7  8  3  6  40 9  32 30 34 31 38 39 33 37 43 36 73 69 66 72 65 68 67 75 70 74 71 5  
63 56 58 59 61 57 55 60 42 64 53 46 48 49 51 47 54 45 50 76 18 11 13 14 16 12 19 10 15 44 28 21 23 24 26 22 29 20 25 41 62 17 37 27 52 7  1  3  4  9  2  8  0  5  40 38 31 33 34 36 32 39 30 35 43 74 68 72 70 73 65 69 66 67 71 75 6  
39 37 31 30 32 33 35 36 38 34 19 17 11 10 12 13 14 15 16 18 64 62 56 55 57 58 59 60 61 63 54 52 46 45 47 48 49 50 51 53 65 40 41 42 43 70 74 75 71 67 72 66 73 68 69 8  6  1  0  2  3  4  5  9  7  44 22 21 24 26 28 29 20 23 25 27 76 
