54 52 57 59 53 60 58 56 55 51 7  0  3  5  8  64 4  2  1  6  31 33 30 36 38 32 61 37 35 34 46 48 45 44 40 47 49 42 65 41 68 70 66 72 67 73 69 71 74 76 27 25 23 22 21 28 24 26 29 63 20 43 9  39 50 75 17 11 13 15 18 62 14 12 10 16 19
52 55 53 58 51 50 60 59 57 56 1  7  8  4  6  9  64 5  3  2  35 30 34 32 37 31 39 61 38 36 49 65 47 40 45 42 48 41 43 46 71 76 69 68 73 66 74 70 72 75 23 63 26 24 28 22 29 25 27 20 21 44 0  33 54 67 10 17 18 14 16 19 62 15 13 12 11
57 53 56 50 59 52 54 60 51 58 8  3  2  9  5  7  0  64 6  4  37 36 32 35 39 38 30 33 61 31 65 44 41 47 42 46 43 49 40 48 76 67 72 70 69 74 68 75 71 73 25 21 63 27 24 29 23 20 26 28 22 45 1  34 55 66 18 13 12 19 15 17 11 62 16 14 10
59 58 50 57 54 51 53 55 60 52 4  5  9  3  0  6  8  1  64 7  30 38 37 39 36 33 31 32 34 61 45 42 65 49 48 43 47 44 41 40 66 74 76 73 71 70 75 69 67 72 28 29 22 63 26 25 20 24 21 27 23 46 2  35 56 68 14 15 19 13 11 16 18 10 62 17 12
53 51 59 54 58 55 52 50 56 60 6  8  5  0  4  1  7  9  2  64 61 32 31 38 33 37 34 30 39 35 43 40 46 42 41 49 44 48 45 65 75 73 68 76 74 72 71 67 70 66 63 28 20 23 29 27 26 21 25 22 24 47 3  36 57 69 16 18 15 11 14 10 17 19 12 62 13
60 50 52 51 55 59 56 53 54 57 9  64 7  6  1  5  2  8  0  3  36 61 39 30 31 34 38 35 32 33 42 46 44 65 43 40 41 45 49 47 74 68 67 69 76 75 73 72 66 71 24 23 29 21 63 20 28 27 22 26 25 48 4  37 58 70 19 62 17 16 10 15 12 18 11 13 14
58 60 54 53 52 56 51 57 50 55 64 4  0  8  7  2  6  3  9  1  34 37 61 33 32 30 35 31 36 39 47 41 43 48 65 44 42 40 46 45 69 72 75 66 70 76 67 74 73 68 22 27 24 20 25 63 21 29 28 23 26 49 5  38 59 71 62 14 11 18 17 12 16 13 19 10 15
56 59 60 55 50 53 57 52 58 54 5  2  64 1  9  8  3  7  4  0  33 35 38 61 34 39 32 36 30 37 40 47 48 46 49 65 45 43 42 44 73 69 70 67 68 71 76 66 75 74 21 24 28 25 23 26 63 22 20 29 27 41 6  31 51 72 15 12 62 10 19 18 13 17 14 11 16
55 57 51 60 56 54 50 58 53 59 3  1  6  64 2  0  9  4  8  5  38 34 36 31 61 35 33 39 37 32 48 43 42 45 47 41 65 46 44 49 70 75 74 71 66 69 72 76 68 67 26 20 25 29 22 24 27 63 23 21 28 40 7  30 52 73 13 10 16 62 12 11 19 14 18 15 17
51 56 58 52 60 57 55 54 59 50 2  6  4  7  64 3  1  0  5  9  39 31 35 37 30 61 36 34 33 38 44 45 49 41 46 48 40 65 47 43 67 66 71 75 72 68 70 73 76 69 20 22 21 26 27 23 25 28 63 24 29 42 8  32 53 74 12 16 14 17 62 13 10 11 15 19 18
40 45 42 48 41 43 65 49 47 46 34 30 32 37 31 39 61 38 36 35 12 17 10 18 14 16 19 62 15 13 5  64 3  7  1  8  4  6  9  2  59 60 57 56 52 55 53 58 51 50 68 76 71 69 73 66 74 70 72 75 67 0  33 11 44 54 22 28 29 25 27 20 63 26 24 23 21
44 40 47 49 42 65 48 46 45 41 30 33 36 38 32 61 37 35 34 31 16 11 17 13 15 18 62 14 12 10 2  4  1  0  7  3  5  8  64 6  56 58 55 51 54 52 57 59 53 60 72 70 68 66 67 73 69 71 74 76 75 9  39 19 43 50 28 21 24 26 29 63 25 23 22 27 20
47 42 46 43 49 40 44 65 41 48 32 36 35 39 38 30 33 61 31 37 14 13 18 12 19 15 17 11 62 16 64 0  6  3  8  2  9  5  7  4  60 54 51 58 57 53 56 50 59 52 70 67 76 72 69 74 68 75 71 73 66 1  34 10 45 55 29 24 23 20 26 28 21 63 27 25 22
49 48 43 47 44 41 42 45 65 40 37 38 39 36 33 31 32 34 61 30 17 15 14 19 13 11 16 18 10 62 1  8  64 5  4  9  3  0  6  7  55 53 60 52 59 58 50 57 54 51 73 74 66 76 71 70 75 69 67 72 68 2  35 12 46 56 25 26 20 24 21 27 29 22 63 28 23
42 41 49 44 48 45 40 43 46 65 31 32 38 33 37 34 30 39 35 61 62 18 16 15 11 14 10 17 19 12 9  7  2  8  6  5  0  4  1  64 50 52 56 60 53 51 59 54 58 55 76 73 75 68 74 72 71 67 70 66 69 3  36 13 47 57 27 29 26 21 25 22 28 20 23 63 24
65 43 40 41 45 49 46 42 44 47 39 61 30 31 34 38 35 32 33 36 13 62 19 17 16 10 15 12 18 11 8  2  0  64 9  7  6  1  5  3  53 56 54 57 60 50 52 51 55 59 69 68 74 67 76 75 73 72 66 71 70 4  37 14 48 58 20 63 28 27 22 26 23 29 21 24 25
48 65 44 42 40 46 41 47 43 45 61 37 33 32 30 35 31 36 39 34 10 14 62 11 18 17 12 16 13 19 3  6  9  4  64 0  8  7  2  1  57 51 50 55 58 60 54 53 52 56 66 72 69 75 70 76 67 74 73 68 71 5  38 15 49 59 63 25 21 29 28 23 27 24 20 22 26
46 49 65 45 43 42 47 40 48 44 38 35 61 34 39 32 36 30 37 33 11 12 15 62 10 19 18 13 17 14 7  3  4  2  5  64 1  9  8  0  52 57 58 54 56 59 60 55 50 53 67 69 73 70 68 71 76 66 75 74 72 6  31 16 41 51 26 23 63 22 20 29 24 28 25 21 27
45 47 41 65 46 44 43 48 42 49 36 34 31 61 35 33 39 37 32 38 15 10 13 16 62 12 11 19 14 18 4  9  8  1  3  6  64 2  0  5  58 50 53 59 55 57 51 60 56 54 71 75 70 74 66 69 72 76 68 67 73 7  30 17 40 52 24 22 27 63 23 21 20 25 29 26 28
41 46 48 40 65 47 45 44 49 43 35 31 37 30 61 36 34 33 38 39 19 16 12 14 17 62 13 10 11 15 0  1  5  6  2  4  7  64 3  9  54 55 59 50 51 56 58 52 60 57 75 66 67 71 72 68 70 73 76 69 74 8  32 18 42 53 23 27 25 28 63 24 22 21 26 20 29
27 23 25 28 63 24 22 21 26 20 56 51 58 52 60 57 55 54 59 50 43 41 46 48 40 65 47 45 44 49 67 66 71 72 68 70 73 76 69 75 11 10 15 19 16 12 14 17 62 13 39 34 33 38 31 35 37 30 61 36 32 74 53 42 29 18 2  6  4  7  64 3  1  0  5  9  8
21 28 24 26 29 63 25 23 22 27 52 54 57 59 53 60 58 56 55 51 41 44 40 47 49 42 65 48 46 45 68 70 66 67 73 69 71 74 76 72 12 14 10 16 11 17 13 15 18 62 31 37 35 34 33 30 36 38 32 61 39 75 50 43 20 19 7  0  3  5  8  64 4  2  1  6  9
28 22 29 25 27 20 63 26 24 23 55 52 53 58 51 50 60 59 57 56 46 40 45 42 48 41 43 65 49 47 71 76 69 73 66 74 70 72 75 68 15 62 13 12 17 10 18 14 16 19 35 61 38 36 30 34 32 37 31 39 33 67 54 44 21 11 1  7  8  4  6  9  64 5  3  2  0
24 29 23 20 26 28 21 63 27 25 53 57 56 50 59 52 54 60 51 58 48 47 42 46 43 49 40 44 65 41 76 67 72 69 74 68 75 71 73 70 62 11 16 14 13 18 12 19 15 17 37 33 61 31 36 32 35 39 38 30 34 66 55 45 22 10 8  3  2  9  5  7  0  64 6  4  1
26 25 20 24 21 27 29 22 63 28 58 59 50 57 54 51 53 55 60 52 40 49 48 43 47 44 41 42 45 65 66 74 76 71 70 75 69 67 72 73 10 18 62 17 15 14 19 13 11 16 30 32 34 61 38 37 39 36 33 31 35 68 56 46 23 12 4  5  9  3  0  6  8  1  64 7  2
29 27 26 21 25 22 28 20 23 63 51 53 59 54 58 55 52 50 56 60 65 42 41 49 44 48 45 40 43 46 75 73 68 74 72 71 67 70 66 76 19 17 12 62 18 16 15 11 14 10 61 30 39 35 32 31 38 33 37 34 36 69 57 47 24 13 6  8  5  0  4  1  7  9  2  64 3
63 20 28 27 22 26 23 29 21 24 50 60 52 51 55 59 56 53 54 57 47 65 43 40 41 45 49 46 42 44 74 68 67 76 75 73 72 66 71 69 18 12 11 13 62 19 17 16 10 15 36 35 32 33 61 39 30 31 34 38 37 70 58 48 25 14 9  64 7  6  1  5  2  8  0  3  4
25 63 21 29 28 23 27 24 20 22 60 58 54 53 52 56 51 57 50 55 45 48 65 44 42 40 46 41 47 43 69 72 75 70 76 67 74 73 68 66 13 16 19 10 14 62 11 18 17 12 34 31 36 39 37 61 33 32 30 35 38 71 59 49 26 15 64 4  0  8  7  2  6  3  9  1  5
23 26 63 22 20 29 24 28 25 21 59 56 60 55 50 53 57 52 58 54 44 46 49 65 45 43 42 47 40 48 73 69 70 68 71 76 66 75 74 67 17 13 14 11 12 15 62 10 19 18 33 36 30 37 35 38 61 34 39 32 31 72 51 41 27 16 5  2  64 1  9  8  3  7  4  0  6
22 24 27 63 23 21 20 25 29 26 57 55 51 60 56 54 50 58 53 59 49 45 47 41 65 46 44 43 48 42 70 75 74 66 69 72 76 68 67 71 14 19 18 15 10 13 16 62 12 11 38 39 37 32 34 36 31 61 35 33 30 73 52 40 28 17 3  1  6  64 2  0  9  4  8  5  7
12 15 62 10 19 18 13 17 14 11 71 68 76 66 75 74 69 73 70 67 54 56 59 60 55 50 53 57 52 58 28 24 25 23 26 63 22 20 29 21 30 36 37 33 35 38 61 34 39 32 0  3  7  4  2  5  64 1  9  8  6  27 72 51 16 31 49 46 65 45 43 42 47 40 48 44 41
14 62 11 18 17 12 16 13 19 10 76 70 67 74 73 68 72 69 75 66 55 58 60 54 53 52 56 51 57 50 24 27 20 25 63 21 29 28 23 22 36 31 39 34 37 61 33 32 30 35 1  6  3  9  4  64 0  8  7  2  5  26 71 59 15 38 65 48 44 42 40 46 41 47 43 45 49
10 13 16 62 12 11 19 14 18 15 69 66 72 76 68 67 75 70 74 71 59 55 57 51 60 56 54 50 58 53 25 20 29 22 24 27 63 23 21 26 37 39 32 38 34 36 31 61 35 33 5  9  4  8  1  3  6  64 2  0  7  28 73 52 17 30 47 45 41 65 46 44 43 48 42 49 40
11 17 13 15 18 62 14 12 10 16 73 67 69 71 74 76 70 68 66 72 51 54 52 57 59 53 60 58 56 55 23 25 22 21 28 24 26 29 63 27 35 37 34 31 33 30 36 38 32 61 6  4  2  1  0  7  3  5  8  64 9  20 75 50 19 39 40 44 47 49 42 65 48 46 45 41 43
17 10 18 14 16 19 62 15 13 12 66 73 74 70 72 75 76 71 69 68 56 52 55 53 58 51 50 60 59 57 26 63 24 28 22 29 25 27 20 23 38 61 36 35 30 34 32 37 31 39 2  64 5  3  7  1  8  4  6  9  0  21 67 54 11 33 45 40 42 48 41 43 65 49 47 46 44
13 18 12 19 15 17 11 62 16 14 74 69 68 75 71 73 67 76 72 70 58 57 53 56 50 59 52 54 60 51 63 21 27 24 29 23 20 26 28 25 61 33 31 37 36 32 35 39 38 30 4  0  64 6  3  8  2  9  5  7  1  22 66 55 10 34 42 47 46 43 49 40 44 65 41 48 45
15 14 19 13 11 16 18 10 62 17 70 71 75 69 67 72 74 66 76 73 52 59 58 50 57 54 51 53 55 60 22 29 63 26 25 20 24 21 27 28 34 32 61 30 38 37 39 36 33 31 7  8  1  64 5  4  9  3  0  6  2  23 68 56 12 35 48 49 43 47 44 41 42 45 65 40 46
18 16 15 11 14 10 17 19 12 62 72 74 71 67 70 66 73 75 68 76 60 53 51 59 54 58 55 52 50 56 20 28 23 29 27 26 21 25 22 63 39 30 35 61 32 31 38 33 37 34 64 7  9  2  8  6  5  0  4  1  3  24 69 57 13 36 41 42 49 44 48 45 40 43 46 65 47
62 19 17 16 10 15 12 18 11 13 75 76 73 72 66 71 68 74 67 69 57 60 50 52 51 55 59 56 53 54 29 23 21 63 20 28 27 22 26 24 32 35 33 36 61 39 30 31 34 38 3  2  8  0  64 9  7  6  1  5  4  25 70 58 14 37 43 65 40 41 45 49 46 42 44 47 48
16 12 14 17 62 13 10 11 15 19 68 72 70 73 76 69 66 67 71 75 50 51 56 58 52 60 57 55 54 59 21 22 26 27 23 25 28 63 24 20 33 34 38 39 31 35 37 30 61 36 9  1  0  5  6  2  4  7  64 3  8  29 74 53 18 32 46 41 48 40 65 47 45 44 49 43 42
35 38 61 34 39 32 36 30 37 33 26 23 63 22 20 29 24 28 25 21 67 68 71 76 66 75 74 69 73 70 17 13 14 12 15 62 10 19 18 11 7  3  4  0  2  5  64 1  9  8  44 47 40 48 46 49 65 45 43 42 41 16 27 72 31 6  59 56 60 55 50 53 57 52 58 54 51
37 61 33 32 30 35 31 36 39 34 63 25 21 29 28 23 27 24 20 22 66 70 76 67 74 73 68 72 69 75 13 16 19 14 62 11 18 17 12 10 3  6  9  1  4  64 0  8  7  2  45 41 47 43 48 65 44 42 40 46 49 15 26 71 38 5  60 58 54 53 52 56 51 57 50 55 59
34 36 31 61 35 33 39 37 32 38 24 22 27 63 23 21 20 25 29 26 71 66 69 72 76 68 67 75 70 74 14 19 18 10 13 16 62 12 11 15 4  9  8  5  1  3  6  64 2  0  49 43 48 42 45 47 41 65 46 44 40 17 28 73 30 7  57 55 51 60 56 54 50 58 53 59 52
31 35 37 30 61 36 34 33 38 39 23 27 25 28 63 24 22 21 26 20 75 72 68 70 73 76 69 66 67 71 11 10 15 16 12 14 17 62 13 19 0  1  5  9  6  2  4  7  64 3  43 45 44 49 41 46 48 40 65 47 42 18 29 74 32 8  56 51 58 52 60 57 55 54 59 50 53
33 30 36 38 32 61 37 35 34 31 28 21 24 26 29 63 25 23 22 27 72 67 73 69 71 74 76 70 68 66 12 14 10 11 17 13 15 18 62 16 2  4  1  6  0  7  3  5  8  64 41 48 46 45 44 40 47 49 42 65 43 19 20 75 39 9  52 54 57 59 53 60 58 56 55 51 50
30 34 32 37 31 39 61 38 36 35 22 28 29 25 27 20 63 26 24 23 68 73 66 74 70 72 75 76 71 69 15 62 13 17 10 18 14 16 19 12 5  64 3  2  7  1  8  4  6  9  46 65 49 47 40 45 42 48 41 43 44 11 21 67 33 0  55 52 53 58 51 50 60 59 57 56 54
36 32 35 39 38 30 33 61 31 37 29 24 23 20 26 28 21 63 27 25 70 69 74 68 75 71 73 67 76 72 62 11 16 13 18 12 19 15 17 14 64 0  6  4  3  8  2  9  5  7  48 44 65 41 47 42 46 43 49 40 45 10 22 66 34 1  53 57 56 50 59 52 54 60 51 58 55
38 37 39 36 33 31 32 34 61 30 25 26 20 24 21 27 29 22 63 28 73 71 70 75 69 67 72 74 66 76 10 18 62 15 14 19 13 11 16 17 1  8  64 7  5  4  9  3  0  6  40 42 45 65 49 48 43 47 44 41 46 12 23 68 35 2  58 59 50 57 54 51 53 55 60 52 56
32 31 38 33 37 34 30 39 35 61 27 29 26 21 25 22 28 20 23 63 76 74 72 71 67 70 66 73 75 68 19 17 12 18 16 15 11 14 10 62 9  7  2  64 8  6  5  0  4  1  65 40 43 46 42 41 49 44 48 45 47 13 24 69 36 3  51 53 59 54 58 55 52 50 56 60 57
61 39 30 31 34 38 35 32 33 36 20 63 28 27 22 26 23 29 21 24 69 76 75 73 72 66 71 68 74 67 18 12 11 62 19 17 16 10 15 13 8  2  0  3  64 9  7  6  1  5  47 46 42 44 65 43 40 41 45 49 48 14 25 70 37 4  50 60 52 51 55 59 56 53 54 57 58
72 68 70 73 76 69 66 67 71 75 46 41 48 40 65 47 45 44 49 43 9  6  2  4  7  64 3  1  0  5  54 55 59 51 56 58 52 60 57 50 21 22 26 20 27 23 25 28 63 24 19 10 11 15 16 12 14 17 62 13 18 53 42 8  74 29 35 31 37 30 61 36 34 33 38 39 32
70 76 67 74 73 68 72 69 75 66 65 48 44 42 40 46 41 47 43 45 1  4  64 0  8  7  2  6  3  9  57 51 50 58 60 54 53 52 56 55 24 27 20 22 25 63 21 29 28 23 10 16 13 19 14 62 11 18 17 12 15 59 49 5  71 26 61 37 33 32 30 35 31 36 39 34 38
68 71 76 66 75 74 69 73 70 67 49 46 65 45 43 42 47 40 48 44 0  2  5  64 1  9  8  3  7  4  52 57 58 56 59 60 55 50 53 54 28 24 25 21 23 26 63 22 20 29 11 13 17 14 12 15 62 10 19 18 16 51 41 6  72 27 38 35 61 34 39 32 36 30 37 33 31
66 69 72 76 68 67 75 70 74 71 47 45 41 65 46 44 43 48 42 49 5  1  3  6  64 2  0  9  4  8  58 50 53 55 57 51 60 56 54 59 25 20 29 26 22 24 27 63 23 21 15 19 14 18 10 13 16 62 12 11 17 52 40 7  73 28 36 34 31 61 35 33 39 37 32 38 30
67 73 69 71 74 76 70 68 66 72 40 44 47 49 42 65 48 46 45 41 6  0  7  3  5  8  64 4  2  1  56 58 55 54 52 57 59 53 60 51 23 25 22 27 21 28 24 26 29 63 16 14 12 10 11 17 13 15 18 62 19 50 43 9  75 20 30 33 36 38 32 61 37 35 34 31 39
73 66 74 70 72 75 76 71 69 68 45 40 42 48 41 43 65 49 47 46 2  7  1  8  4  6  9  64 5  3  59 60 57 52 55 53 58 51 50 56 26 63 24 23 28 22 29 25 27 20 12 62 15 13 17 10 18 14 16 19 11 54 44 0  67 21 34 30 32 37 31 39 61 38 36 35 33
69 74 68 75 71 73 67 76 72 70 42 47 46 43 49 40 44 65 41 48 4  3  8  2  9  5  7  0  64 6  60 54 51 57 53 56 50 59 52 58 63 21 27 25 24 29 23 20 26 28 14 11 62 16 13 18 12 19 15 17 10 55 45 1  66 22 32 36 35 39 38 30 33 61 31 37 34
71 70 75 69 67 72 74 66 76 73 48 49 43 47 44 41 42 45 65 40 7  5  4  9  3  0  6  8  1  64 55 53 60 59 58 50 57 54 51 52 22 29 63 28 26 25 20 24 21 27 17 18 10 62 15 14 19 13 11 16 12 56 46 2  68 23 37 38 39 36 33 31 32 34 61 30 35
74 72 71 67 70 66 73 75 68 76 41 42 49 44 48 45 40 43 46 65 64 8  6  5  0  4  1  7  9  2  50 52 56 53 51 59 54 58 55 60 20 28 23 63 29 27 26 21 25 22 62 17 19 12 18 16 15 11 14 10 13 57 47 3  69 24 31 32 38 33 37 34 30 39 35 61 36
76 75 73 72 66 71 68 74 67 69 43 65 40 41 45 49 46 42 44 47 3  64 9  7  6  1  5  2  8  0  53 56 54 60 50 52 51 55 59 57 29 23 21 24 63 20 28 27 22 26 13 12 18 11 62 19 17 16 10 15 14 58 48 4  70 25 39 61 30 31 34 38 35 32 33 36 37
75 67 66 68 69 70 71 72 73 74 44 43 45 46 47 48 49 41 40 42 8  9  0  1  2  3  4  5  6  7  51 59 52 50 54 55 56 57 58 53 27 26 28 29 20 21 22 23 24 25 18 15 16 17 19 11 10 12 13 14 62 60 65 64 76 63 33 39 34 35 36 37 38 31 30 32 61
19 11 10 12 13 14 15 16 17 18 67 75 66 68 69 70 71 72 73 74 53 50 54 55 56 57 58 59 51 52 27 26 28 20 21 22 23 24 25 29 31 38 30 32 39 33 34 35 36 37 8  5  6  7  9  0  1  2  3  4  64 63 76 60 62 61 44 43 45 46 47 48 49 41 40 42 65
43 44 45 46 47 48 49 41 40 42 33 39 34 35 36 37 38 31 30 32 18 19 11 10 12 13 14 15 16 17 6  5  7  9  0  1  2  3  4  8  51 59 52 53 50 54 55 56 57 58 74 71 72 73 75 67 66 68 69 70 76 64 61 62 65 60 21 20 22 23 24 25 26 27 28 29 63
20 21 22 23 24 25 26 27 28 29 54 50 55 56 57 58 59 51 52 53 42 43 44 45 46 47 48 49 41 40 72 71 73 75 67 66 68 69 70 74 16 15 17 18 19 11 10 12 13 14 32 38 31 30 39 33 34 35 36 37 61 76 60 65 63 62 0  9  1  2  3  4  5  6  7  8  64
50 54 55 56 57 58 59 51 52 53 0  9  1  2  3  4  5  6  7  8  32 39 33 34 35 36 37 38 31 30 41 49 40 43 44 45 46 47 48 42 72 71 73 74 75 67 66 68 69 70 29 26 27 28 20 21 22 23 24 25 63 65 64 61 60 76 11 19 10 12 13 14 15 16 17 18 62
39 33 34 35 36 37 38 31 30 32 21 20 22 23 24 25 26 27 28 29 74 75 67 66 68 69 70 71 72 73 16 15 17 19 11 10 12 13 14 18 6  5  7  8  9  0  1  2  3  4  42 49 41 40 43 44 45 46 47 48 65 62 63 76 61 64 54 50 55 56 57 58 59 51 52 53 60
7  1  8  4  6  9  64 5  3  2  10 17 18 14 16 19 62 15 13 12 23 28 22 29 25 27 20 63 26 24 38 61 36 30 34 32 37 31 39 35 49 65 47 46 40 45 42 48 41 43 56 60 59 57 52 55 53 58 51 50 54 33 11 21 0  44 66 73 74 70 72 75 76 71 69 68 67
0  7  3  5  8  64 4  2  1  6  17 11 13 15 18 62 14 12 10 16 27 21 28 24 26 29 63 25 23 22 35 37 34 33 30 36 38 32 61 31 46 48 45 41 44 40 47 49 42 65 51 58 56 55 54 52 57 59 53 60 50 39 19 20 9  43 73 67 69 71 74 76 70 68 66 72 75
3  8  2  9  5  7  0  64 6  4  18 13 12 19 15 17 11 62 16 14 25 24 29 23 20 26 28 21 63 27 61 33 31 36 32 35 39 38 30 37 65 44 41 48 47 42 46 43 49 40 58 54 60 51 57 53 56 50 59 52 55 34 10 22 1  45 74 69 68 75 71 73 67 76 72 70 66
5  4  9  3  0  6  8  1  64 7  14 15 19 13 11 16 18 10 62 17 28 26 25 20 24 21 27 29 22 63 34 32 61 38 37 39 36 33 31 30 45 42 65 40 49 48 43 47 44 41 52 53 55 60 59 58 50 57 54 51 56 35 12 23 2  46 70 71 75 69 67 72 74 66 76 73 68
8  6  5  0  4  1  7  9  2  64 16 18 15 11 14 10 17 19 12 62 63 29 27 26 21 25 22 28 20 23 39 30 35 32 31 38 33 37 34 61 43 40 46 65 42 41 49 44 48 45 60 52 50 56 53 51 59 54 58 55 57 36 13 24 3  47 72 74 71 67 70 66 73 75 68 76 69
64 9  7  6  1  5  2  8  0  3  19 62 17 16 10 15 12 18 11 13 24 63 20 28 27 22 26 23 29 21 32 35 33 61 39 30 31 34 38 36 42 46 44 47 65 43 40 41 45 49 57 56 53 54 60 50 52 51 55 59 58 37 14 25 4  48 75 76 73 72 66 71 68 74 67 69 70
4  64 0  8  7  2  6  3  9  1  62 14 11 18 17 12 16 13 19 10 22 25 63 21 29 28 23 27 24 20 36 31 39 37 61 33 32 30 35 34 47 41 43 45 48 65 44 42 40 46 55 51 57 50 58 60 54 53 52 56 59 38 15 26 5  49 76 70 67 74 73 68 72 69 75 66 71
2  5  64 1  9  8  3  7  4  0  15 12 62 10 19 18 13 17 14 11 21 23 26 63 22 20 29 24 28 25 30 36 37 35 38 61 34 39 32 33 40 47 48 44 46 49 65 45 43 42 54 57 52 58 56 59 60 55 50 53 51 31 16 27 6  41 71 68 76 66 75 74 69 73 70 67 72
1  3  6  64 2  0  9  4  8  5  13 10 16 62 12 11 19 14 18 15 26 22 24 27 63 23 21 20 25 29 37 39 32 34 36 31 61 35 33 38 48 43 42 49 45 47 41 65 46 44 59 50 58 53 55 57 51 60 56 54 52 30 17 28 7  40 69 66 72 76 68 67 75 70 74 71 73
6  2  4  7  64 3  1  0  5  9  12 16 14 17 62 13 10 11 15 19 20 27 23 25 28 63 24 22 21 26 33 34 38 31 35 37 30 61 36 39 44 45 49 43 41 46 48 40 65 47 50 55 54 59 51 56 58 52 60 57 53 32 18 29 8  42 68 72 70 73 76 69 66 67 71 75 74
9  0  1  2  3  4  5  6  7  8  11 19 10 12 13 14 15 16 17 18 29 20 21 22 23 24 25 26 27 28 31 38 30 39 33 34 35 36 37 32 41 49 40 42 43 44 45 46 47 48 53 59 51 52 50 54 55 56 57 58 60 61 62 63 64 65 67 75 66 68 69 70 71 72 73 74 76
