56 73 67 72 69 74 75 71 76 70 06 08 00 04 02 03 09 01 63 07 35 33 34 37 30 38 39 36 60 32 54 59 57 65 50 46 53 55 58 52 44 49 47 61 42 40 68 43 45 48 19 14 11 64 17 16 20 18 10 13 51 41 31 66 05 15 23 26 12 29 21 28 24 62 22 27 25 
73 57 68 67 76 75 72 66 74 69 63 01 08 00 04 09 02 05 03 06 33 36 35 34 60 39 37 31 38 30 58 54 51 59 65 53 47 56 55 50 48 44 41 49 40 61 43 71 46 45 13 19 15 14 16 64 18 21 12 10 52 42 32 70 07 17 29 62 28 22 25 11 20 23 24 26 27 
67 68 58 75 70 76 74 73 69 66 07 00 04 02 09 63 03 08 06 05 34 35 37 39 32 60 38 33 30 31 59 65 53 50 52 55 56 48 54 51 49 61 43 40 41 42 45 46 72 44 14 64 18 16 15 17 10 12 22 19 57 47 36 71 01 11 62 27 24 23 28 20 13 26 29 25 21 
72 67 75 59 66 69 76 68 70 71 05 04 02 09 03 06 63 00 07 01 37 34 39 38 31 30 60 35 32 36 65 50 56 52 51 58 55 54 49 57 61 40 46 42 47 41 48 45 44 74 64 16 12 17 11 15 13 10 19 23 53 43 33 73 08 18 26 25 22 62 20 24 29 27 14 21 28 
69 76 70 66 55 73 71 74 68 72 04 63 06 07 05 08 01 03 00 02 30 60 32 31 34 33 36 38 35 37 57 53 59 56 45 50 65 52 51 58 47 43 49 46 48 67 40 61 42 41 11 18 14 12 13 24 16 64 17 15 54 44 39 75 09 19 28 10 26 21 23 62 27 20 25 22 29 
74 75 76 69 73 51 70 72 71 68 08 09 03 63 06 05 07 02 01 00 38 39 60 30 33 31 32 37 36 35 52 41 58 57 53 59 54 65 50 56 42 66 48 47 46 43 49 44 61 40 17 25 13 11 12 18 14 19 64 16 55 45 34 67 04 10 15 28 23 27 22 29 62 21 26 20 24 
75 72 74 76 71 70 50 67 66 73 01 02 09 03 63 07 06 04 05 08 39 37 38 60 36 32 30 34 31 33 40 52 55 51 57 54 58 59 65 53 69 42 45 41 43 47 44 48 49 61 26 17 10 15 18 11 19 13 14 64 56 46 35 68 00 12 27 21 29 16 24 22 23 25 62 28 20 
71 66 73 68 74 72 67 52 75 76 03 05 01 08 00 02 04 07 09 63 36 31 33 35 38 37 34 32 39 60 55 58 42 54 59 57 51 53 56 65 45 48 70 44 61 49 47 41 43 46 10 13 27 19 64 14 11 15 18 12 50 40 30 69 06 16 22 23 21 24 17 25 28 29 20 62 26 
76 74 69 70 68 71 66 75 53 67 00 03 63 06 07 01 05 09 08 04 60 38 30 32 35 36 31 39 33 34 51 57 54 43 56 65 59 50 52 55 41 47 44 73 45 46 61 49 40 42 15 11 19 28 10 12 64 14 16 17 58 48 37 72 02 13 21 20 62 25 29 23 26 18 27 24 22 
70 69 66 71 72 68 73 76 67 54 02 06 07 05 01 00 08 63 04 09 32 30 31 36 37 35 33 60 34 39 53 56 65 55 58 52 50 51 57 44 43 46 61 45 75 48 42 40 41 47 18 12 64 10 29 13 17 16 15 11 59 49 38 74 03 14 20 22 27 28 62 26 25 24 21 19 23 
16 64 17 15 45 18 11 14 12 13 34 76 69 70 66 73 71 74 68 72 06 63 07 05 10 08 01 03 00 02 36 33 38 35 04 30 60 32 31 37 21 28 23 20 22 55 26 62 27 25 47 43 49 46 48 67 40 61 42 41 39 29 09 19 75 44 53 24 50 57 59 65 52 56 51 58 54 
18 47 12 10 64 19 13 15 14 16 76 36 73 68 67 75 72 66 74 69 08 11 00 04 63 09 02 05 03 06 37 39 31 38 60 33 01 35 34 30 22 29 25 23 26 62 28 57 20 24 48 44 41 49 40 61 43 71 46 45 32 27 07 17 70 42 54 65 53 58 51 21 56 59 55 50 52 
46 18 10 13 16 14 19 11 64 17 69 73 35 67 72 74 75 71 76 70 12 08 04 02 06 03 09 01 63 07 39 38 36 60 30 00 33 34 37 32 29 23 21 62 27 26 56 28 24 22 44 49 47 61 42 40 68 43 45 48 31 25 05 15 66 41 59 50 20 54 57 53 55 65 58 52 51 
10 12 48 19 17 64 14 18 16 15 70 68 67 37 75 76 74 73 69 66 04 00 13 09 07 63 03 08 06 05 38 60 33 30 32 34 35 02 39 31 23 62 28 26 25 27 24 20 58 29 49 61 43 40 41 42 45 46 72 44 36 21 01 11 71 47 65 52 55 59 53 56 22 50 54 51 57 
13 10 19 49 15 16 64 12 17 11 66 67 72 75 38 69 76 68 70 71 02 04 09 14 05 06 63 00 07 01 60 30 35 32 31 37 34 39 03 36 62 26 20 27 21 25 22 24 29 59 61 40 46 42 47 41 48 45 44 74 33 28 08 18 73 43 50 51 58 65 56 55 54 52 23 57 53 
14 19 64 16 18 41 17 13 11 12 73 75 74 76 69 31 70 72 71 68 03 09 63 06 08 15 07 02 01 00 32 05 37 36 33 38 39 60 30 35 27 51 22 21 20 28 23 29 62 26 42 66 48 47 46 43 49 44 61 40 34 24 04 10 67 45 25 53 59 52 58 54 65 57 50 56 55 
19 13 14 64 11 17 40 10 15 18 71 72 75 74 76 70 30 67 66 73 09 02 03 63 01 07 16 04 05 08 06 32 34 31 36 39 37 38 60 33 50 27 24 25 28 21 29 22 23 62 69 42 45 41 43 47 44 48 49 61 35 20 00 12 68 46 52 57 54 26 55 58 59 51 65 53 56 
11 15 18 12 14 13 10 42 19 64 74 66 71 73 68 72 67 32 75 76 01 05 08 00 03 02 04 17 09 63 34 37 07 39 38 36 31 33 35 60 24 22 52 29 62 23 21 25 28 20 45 48 70 44 61 49 47 41 43 46 30 26 06 16 69 40 58 59 57 55 27 51 53 54 56 65 50 
64 14 16 17 12 11 15 19 43 10 68 74 76 69 70 71 66 75 33 67 63 03 06 07 00 01 05 09 18 04 31 36 39 08 35 60 38 30 32 34 25 21 29 53 24 20 62 23 26 27 41 47 44 73 45 46 61 49 40 42 37 22 02 13 72 48 57 56 65 51 54 59 50 28 52 55 58 
17 16 15 11 13 12 18 64 10 44 72 69 70 66 71 68 73 76 67 39 07 06 05 01 02 00 08 63 04 19 33 35 60 34 37 32 30 31 36 09 28 20 62 24 54 22 27 26 25 21 43 46 61 45 75 48 42 40 41 47 38 23 03 14 74 49 56 58 52 53 65 50 51 55 57 29 59 
20 43 45 48 40 49 44 47 61 42 16 18 56 10 13 14 19 11 64 17 46 73 67 72 69 74 75 71 76 70 09 03 01 63 06 68 08 04 02 07 54 59 57 65 52 50 12 53 55 58 29 23 21 62 27 26 35 28 24 22 05 51 66 41 15 25 38 30 00 39 36 33 34 60 37 32 31 
43 21 46 45 61 44 48 41 49 40 64 57 18 12 10 19 13 15 14 16 73 47 68 67 76 75 72 66 74 69 02 09 05 03 63 08 71 00 04 06 58 54 51 59 50 65 53 11 56 55 22 29 25 23 26 62 28 36 20 24 07 52 70 42 17 27 39 60 33 37 31 01 35 38 34 30 32 
45 46 22 44 42 61 49 43 40 41 17 12 10 58 19 64 14 18 16 15 67 68 48 75 70 76 74 73 69 66 03 63 08 06 07 04 00 72 09 05 59 65 53 50 51 52 55 56 13 54 23 62 28 26 25 27 24 20 37 29 01 57 71 47 11 21 60 32 34 38 33 35 02 30 39 31 36 
48 45 44 23 41 40 61 46 42 47 15 10 13 19 59 16 64 12 17 11 72 67 75 49 66 69 76 68 70 71 63 06 00 07 05 02 04 09 74 01 65 50 56 52 57 51 58 55 54 14 62 26 20 27 21 25 22 24 29 38 08 53 73 43 18 28 30 31 37 60 35 34 39 32 03 36 33 
40 61 42 41 24 43 47 49 46 48 55 64 16 17 15 18 11 14 12 13 69 76 70 66 45 73 71 74 68 72 01 08 03 00 67 06 63 07 05 02 57 53 59 56 58 10 50 65 52 51 21 28 23 20 22 34 26 62 27 25 09 54 75 44 19 29 33 04 30 36 38 60 32 35 31 37 39 
49 44 61 40 43 25 42 48 47 46 18 19 14 64 16 51 17 13 11 12 74 75 76 69 73 41 70 72 71 68 07 66 02 01 08 03 09 63 06 00 52 15 58 57 56 53 59 54 65 50 27 31 22 21 20 28 23 29 62 26 04 55 67 45 10 24 05 33 38 32 37 39 60 36 30 35 34 
44 48 49 61 47 42 26 45 41 43 11 13 19 14 64 17 50 10 15 18 75 72 74 76 71 70 40 67 66 73 69 07 04 05 01 09 02 03 63 08 16 52 55 51 53 57 54 58 59 65 30 27 24 25 28 21 29 22 23 62 00 56 68 46 12 20 32 36 39 06 34 37 38 31 60 33 35 
47 41 43 46 49 48 45 27 44 61 14 15 11 18 12 13 10 52 19 64 71 66 73 68 74 72 67 42 75 76 04 02 70 09 03 01 05 08 00 63 55 58 17 54 65 59 57 51 53 56 24 22 32 29 62 23 21 25 28 20 06 50 69 40 16 26 37 38 36 34 07 31 33 39 35 60 30 
61 49 40 42 46 47 41 44 28 45 12 14 64 16 17 11 15 19 53 10 76 74 69 70 68 71 66 75 43 67 05 01 09 73 00 63 03 06 07 04 51 57 54 18 55 56 65 59 50 52 25 21 29 33 24 20 62 23 26 27 02 58 72 48 13 22 36 35 60 31 39 38 30 08 32 34 37 
42 40 41 47 48 46 43 61 45 29 13 16 17 15 11 12 18 64 10 54 70 69 66 71 72 68 73 76 67 44 08 00 63 04 02 07 06 05 01 75 53 56 65 55 19 58 52 50 51 57 28 20 62 24 39 22 27 26 25 21 03 59 74 49 14 23 35 37 32 33 60 30 31 34 36 09 38 
29 22 23 62 21 27 16 24 25 28 47 48 44 49 61 42 69 45 41 43 19 13 14 64 11 17 50 10 15 18 26 70 67 66 71 75 72 74 76 73 30 32 34 31 33 36 39 37 38 60 06 52 55 51 53 57 54 58 59 65 68 35 12 20 46 56 07 01 09 40 04 02 03 05 63 08 00 
23 29 62 26 28 15 27 22 21 20 43 44 49 61 40 66 42 48 47 46 14 19 64 16 18 51 17 13 11 12 70 25 72 71 73 74 75 76 69 68 32 31 37 36 35 33 38 39 60 30 52 05 58 57 56 53 59 54 65 50 67 34 10 24 45 55 41 08 03 07 02 09 63 01 06 00 04 
21 25 28 20 23 22 24 17 29 62 49 41 47 43 46 48 45 70 44 61 11 15 18 12 14 13 10 52 19 64 67 72 27 75 74 71 66 73 68 76 34 37 32 39 60 38 36 31 33 35 55 58 07 54 65 59 57 51 53 56 69 30 16 26 40 50 02 03 01 04 42 05 08 09 00 63 06 
62 23 26 27 20 21 25 29 18 24 46 49 61 40 42 47 41 44 73 45 64 14 16 17 12 11 15 19 53 10 66 71 75 28 68 76 74 69 70 67 31 36 39 33 34 35 60 38 30 32 51 57 54 08 55 56 65 59 50 52 72 37 13 22 48 58 01 00 63 05 09 03 06 43 07 04 02 
26 62 27 25 10 28 21 23 20 22 67 61 40 42 41 43 47 49 46 48 16 64 17 15 55 18 11 14 12 13 71 73 74 68 24 69 76 70 66 72 36 33 38 35 37 34 30 60 32 31 57 53 59 56 58 04 50 65 52 51 75 39 19 29 44 54 08 45 06 01 03 63 07 00 05 02 09 
12 28 24 22 26 23 29 21 62 27 40 43 68 45 48 49 44 47 61 42 56 18 10 13 16 14 19 11 64 17 75 74 71 76 69 20 73 67 72 70 39 38 36 60 32 30 35 33 34 37 54 59 57 65 52 50 00 53 55 58 66 31 15 25 41 51 03 06 46 09 01 08 04 63 02 07 05 
28 11 20 24 62 29 22 25 23 26 61 71 43 46 45 44 48 41 49 40 18 57 12 10 64 19 13 15 14 16 72 75 66 74 76 73 21 68 67 69 37 39 31 38 30 60 33 36 35 34 58 54 51 59 50 65 53 01 56 55 70 32 17 27 42 52 09 63 08 02 05 47 00 03 04 06 07 
24 20 13 29 27 62 23 28 26 25 42 46 45 72 44 61 49 43 40 41 10 12 58 19 17 64 14 18 16 15 74 76 73 69 70 67 68 22 75 66 38 60 33 30 31 32 34 35 37 39 59 65 53 50 51 52 55 56 02 54 71 36 11 21 47 57 63 07 04 03 08 00 48 06 09 05 01 
22 24 29 14 25 26 62 20 27 21 41 45 48 44 74 40 61 46 42 47 13 10 19 59 15 16 64 12 17 11 76 69 68 70 66 72 67 75 23 71 60 30 35 32 36 31 37 34 39 38 65 50 56 52 57 51 58 55 54 03 73 33 18 28 43 53 06 05 02 63 00 04 09 07 49 01 08 
27 26 25 21 22 20 28 62 24 19 48 40 42 41 47 46 43 61 45 75 17 16 15 11 13 12 18 64 10 54 73 68 76 67 72 70 69 66 71 29 33 35 60 34 39 37 32 30 31 36 53 56 65 55 09 58 52 50 51 57 74 38 14 23 49 59 00 02 07 08 63 06 05 04 01 44 03 
39 37 38 60 36 32 30 34 31 33 57 58 54 59 65 52 26 55 51 53 29 22 23 62 21 27 69 24 25 28 16 42 45 41 47 44 48 49 61 43 06 70 67 66 73 71 75 72 74 76 40 07 04 05 08 01 09 02 03 63 46 68 20 35 56 00 17 11 19 50 10 13 14 15 64 18 12 
38 39 60 30 33 31 32 37 36 35 53 54 59 65 50 25 52 58 57 56 23 29 62 26 28 66 27 22 21 20 42 15 48 47 43 49 44 61 40 46 70 05 72 71 68 73 74 75 76 69 07 41 02 01 00 08 03 09 63 06 45 67 24 34 55 04 51 18 14 17 13 19 64 11 16 12 10 
36 31 33 35 38 37 34 32 39 60 59 51 57 53 56 58 55 27 54 65 21 25 28 20 23 22 24 70 29 62 45 48 17 44 49 47 41 43 46 61 67 72 07 75 76 74 71 66 73 68 04 02 42 09 63 03 01 05 08 00 40 69 26 30 50 06 13 14 11 10 52 15 18 19 12 64 16 
60 38 30 32 35 36 31 39 33 34 56 59 65 50 52 57 51 54 28 55 62 23 26 27 20 21 25 29 73 24 41 47 44 18 46 61 49 40 42 45 66 71 75 08 67 68 76 74 69 70 05 01 09 43 04 00 63 03 06 07 48 72 22 37 58 02 11 12 64 15 19 14 16 53 17 10 13 
32 30 31 36 37 35 33 60 34 39 58 50 52 51 57 56 53 65 55 29 27 26 25 21 22 20 28 62 24 75 43 46 61 45 48 42 40 41 47 19 73 68 76 67 09 72 70 69 66 71 08 00 63 04 44 02 07 06 05 01 49 74 23 38 59 03 12 13 17 18 64 16 15 10 11 54 14 
30 60 32 31 34 33 36 38 35 37 24 65 50 52 51 53 57 59 56 58 26 62 27 25 67 28 21 23 20 22 47 43 49 46 10 40 61 42 41 48 71 73 74 68 72 04 69 76 70 66 01 08 03 00 02 45 06 63 07 05 44 75 29 39 54 09 18 55 16 11 14 64 17 12 15 13 19 
35 33 34 37 30 38 39 36 60 32 50 53 20 55 58 59 54 57 65 52 68 28 24 22 26 23 29 21 62 27 44 49 47 61 40 12 43 45 48 42 75 74 71 76 70 69 00 73 67 72 09 03 01 63 07 06 46 08 04 02 41 66 25 31 51 05 14 16 56 19 11 18 10 64 13 17 15 
33 36 35 34 60 39 37 31 38 30 65 21 53 56 55 54 58 51 59 50 28 71 20 24 62 29 22 25 23 26 48 44 41 49 61 43 11 46 45 40 72 75 66 74 69 76 73 01 68 67 02 09 05 03 06 63 08 47 00 04 42 70 27 32 52 07 19 64 18 13 15 57 12 14 10 16 17 
34 35 37 39 32 60 38 33 30 31 52 56 55 22 54 65 59 53 50 51 24 20 72 29 27 62 23 28 26 25 49 61 43 40 42 45 46 13 44 41 74 76 73 69 66 70 67 68 02 75 03 63 08 06 05 07 04 00 48 09 47 71 21 36 57 01 64 17 10 14 18 12 58 16 19 15 11 
37 34 39 38 31 30 60 35 32 36 51 55 58 54 23 50 65 56 52 57 22 24 29 74 25 26 62 20 27 21 61 40 46 42 41 48 45 44 14 47 76 69 68 70 71 66 72 67 75 03 63 06 00 07 01 05 02 04 09 49 43 73 28 33 53 08 16 15 13 64 12 10 19 17 59 11 18 
09 02 03 63 01 07 69 04 05 08 36 37 39 38 60 32 40 34 31 33 54 58 59 65 57 52 06 55 51 53 50 27 24 25 21 29 22 23 62 28 26 17 10 15 18 11 19 13 14 64 16 70 67 66 73 71 75 72 74 76 20 12 56 00 35 68 42 47 44 30 45 48 49 41 61 43 46 
03 09 63 06 08 66 07 02 01 00 33 39 38 60 30 41 32 37 36 35 59 54 65 50 53 05 52 58 57 56 27 51 22 21 28 23 29 62 26 20 17 25 13 11 12 18 14 19 64 16 70 15 72 71 68 73 74 75 76 69 24 10 55 04 34 67 31 43 49 42 48 44 61 47 40 46 45 
01 05 08 00 03 02 04 70 09 63 38 31 36 33 35 37 34 42 39 60 57 51 53 56 59 58 55 07 54 65 24 22 52 29 23 21 25 28 20 62 10 13 27 19 64 14 11 15 18 12 67 72 17 75 76 74 71 66 73 68 26 16 50 06 30 69 48 49 47 45 32 41 43 44 46 61 40 
63 03 06 07 00 01 05 09 73 04 35 38 60 30 32 36 31 39 43 34 65 59 50 52 56 57 51 54 08 55 25 21 29 53 20 62 23 26 27 24 15 11 19 28 10 12 64 14 16 17 66 71 75 18 67 68 76 74 69 70 22 13 58 02 37 72 47 46 61 41 44 49 40 33 42 45 48 
07 06 05 01 02 00 08 63 04 75 37 30 32 31 36 35 33 60 34 44 52 50 51 57 58 56 53 65 55 09 28 20 62 24 22 27 26 25 21 54 18 12 64 10 29 13 17 16 15 11 73 68 76 67 19 72 70 69 66 71 23 14 59 03 38 74 46 48 42 43 61 40 41 45 47 39 49 
06 63 07 05 67 08 01 03 00 02 45 60 30 32 31 33 36 38 35 37 50 65 52 51 04 53 57 59 56 58 21 28 23 20 55 26 62 27 25 22 11 18 14 12 13 24 16 64 17 15 71 73 74 68 72 10 69 76 70 66 29 19 54 09 39 75 43 34 40 47 49 61 42 46 41 48 44 
68 08 04 02 06 03 09 01 63 07 30 33 46 34 37 38 39 36 60 32 00 53 55 58 50 59 54 57 65 52 29 23 21 62 26 56 28 24 22 27 19 14 11 64 17 16 20 18 10 13 75 74 71 76 70 69 12 73 67 72 25 15 51 05 31 66 49 40 35 44 47 43 45 61 48 42 41 
08 71 00 04 63 09 02 05 03 06 60 47 33 35 34 39 37 31 38 30 53 01 56 55 65 54 58 51 59 50 22 29 25 23 62 28 57 20 24 26 13 19 15 14 16 64 18 21 12 10 72 75 66 74 69 76 73 11 68 67 27 17 52 07 32 70 44 61 43 48 41 36 46 49 45 40 42 
04 00 72 09 07 63 03 08 06 05 32 35 34 48 39 60 38 33 30 31 55 56 02 54 52 65 59 53 50 51 23 62 28 26 27 24 20 58 29 25 14 64 18 16 15 17 10 12 22 19 74 76 73 69 66 70 67 68 13 75 21 11 57 01 36 71 61 42 45 49 43 46 37 40 44 41 47 
02 04 09 74 05 06 63 00 07 01 31 34 37 39 49 30 60 35 32 36 58 55 54 03 51 50 65 56 52 57 62 26 20 27 25 22 24 29 59 21 64 16 12 17 11 15 13 10 19 23 76 69 68 70 71 66 72 67 75 14 28 18 53 08 33 73 40 41 48 61 46 45 44 42 38 47 43 
25 27 21 28 29 24 20 26 22 23 44 42 41 47 43 45 46 40 48 49 15 17 11 18 19 10 12 16 13 14 68 67 69 72 75 66 70 71 73 74 35 34 30 37 38 39 31 32 36 33 56 55 50 58 59 54 51 52 57 53 62 60 65 64 76 63 04 09 05 00 06 07 01 02 08 03 61 
31 32 36 33 39 34 35 30 37 38 54 52 51 57 53 55 56 50 58 59 25 27 21 28 29 24 20 26 22 23 46 45 40 48 44 41 42 47 43 49 68 67 69 72 74 75 66 70 71 73 00 04 06 02 03 09 05 07 01 08 64 63 76 60 62 61 10 19 15 12 16 17 11 13 18 14 65 
41 42 47 43 44 45 46 40 48 49 19 17 15 11 18 10 12 16 13 14 66 70 71 73 75 67 68 69 72 74 00 04 06 02 09 05 07 01 08 03 56 55 50 58 59 54 51 52 57 53 20 24 26 22 23 29 25 27 21 28 76 64 61 62 65 60 34 39 31 35 30 32 36 37 33 38 63 
66 70 71 73 75 67 68 69 72 74 09 07 05 01 08 04 00 06 02 03 31 32 36 33 39 34 35 30 37 38 56 55 50 58 54 51 52 57 53 59 46 45 40 48 49 44 41 42 47 43 12 10 16 13 14 19 15 17 11 18 61 76 60 65 63 62 24 29 25 20 26 27 21 22 28 23 64 
15 17 11 18 19 10 12 16 13 14 75 70 66 71 73 67 68 69 72 74 05 07 01 08 09 04 00 06 02 03 35 34 30 37 39 31 32 36 33 38 20 24 26 22 23 29 25 27 21 28 46 45 40 48 49 44 41 42 47 43 63 65 64 61 60 76 55 54 51 56 50 52 57 58 53 59 62 
05 07 01 08 09 04 00 06 02 03 39 32 31 36 33 34 35 30 37 38 51 52 57 53 54 55 56 50 58 59 20 24 26 22 29 25 27 21 28 23 12 10 16 13 14 19 15 17 11 18 68 67 69 72 74 75 66 70 71 73 65 62 63 76 61 64 45 44 41 46 40 42 47 48 43 49 60 
59 54 65 50 53 05 52 58 57 56 28 29 23 62 26 15 27 22 21 20 49 44 61 40 43 25 42 48 47 46 17 31 13 11 18 14 19 64 16 12 07 41 02 01 00 08 03 09 63 06 32 51 37 36 35 33 38 39 60 30 10 04 45 55 24 34 66 73 74 70 72 75 76 71 69 68 67 
50 65 52 51 04 53 57 59 56 58 10 62 26 27 25 28 21 23 20 22 40 61 42 41 24 43 47 49 46 48 11 18 14 12 34 16 64 17 15 13 01 08 03 00 02 45 06 63 07 05 36 33 38 35 37 55 30 60 32 31 19 09 44 54 29 39 73 67 69 71 74 76 70 68 66 72 75 
00 53 55 58 50 59 54 57 65 52 26 28 12 24 22 23 29 21 62 27 20 43 45 48 40 49 44 47 61 42 19 14 11 64 16 35 18 10 13 17 09 03 01 63 07 06 46 08 04 02 39 38 36 60 32 30 56 33 34 37 15 05 41 51 25 31 74 69 68 75 71 73 67 76 72 70 66 
54 58 59 65 57 52 06 55 51 53 21 22 29 23 62 27 16 24 25 28 44 48 49 61 47 42 26 45 41 43 30 17 10 15 11 19 13 14 64 18 40 07 04 05 08 01 09 02 03 63 50 32 34 31 33 36 39 37 38 60 12 00 46 56 20 35 70 71 75 69 67 72 74 66 76 73 68 
57 51 53 56 59 58 55 07 54 65 23 25 21 28 20 22 24 17 29 62 47 41 43 46 49 48 45 27 44 61 10 13 32 19 14 11 15 18 12 64 04 02 42 09 63 03 01 05 08 00 34 37 52 39 60 38 36 31 33 35 16 06 40 50 26 30 72 74 71 67 70 66 73 75 68 76 69 
53 01 56 55 65 54 58 51 59 50 62 11 28 20 24 29 22 25 23 26 43 21 46 45 61 44 48 41 49 40 13 19 15 14 64 18 36 12 10 16 02 09 05 03 06 63 08 47 00 04 37 39 31 38 30 60 33 57 35 34 17 07 42 52 27 32 75 76 73 72 66 71 68 74 67 69 70 
55 56 02 54 52 65 59 53 50 51 27 20 24 13 29 62 23 28 26 25 45 46 22 44 42 61 49 43 40 41 14 64 18 16 17 10 12 37 19 15 03 63 08 06 05 07 04 00 48 09 38 60 33 30 31 32 34 35 58 39 11 01 47 57 21 36 76 70 67 74 73 68 72 69 75 66 71 
65 59 50 52 56 57 51 54 08 55 20 23 62 26 27 21 25 29 18 24 61 49 40 42 46 47 41 44 28 45 15 11 19 33 12 64 14 16 17 10 05 01 09 43 04 00 63 03 06 07 31 36 39 53 34 35 60 38 30 32 13 02 48 58 22 37 71 68 76 66 75 74 69 73 70 67 72 
58 55 54 03 51 50 65 56 52 57 25 24 22 29 14 26 62 20 27 21 48 45 44 23 41 40 61 46 42 47 64 16 12 17 15 13 10 19 38 11 63 06 00 07 01 05 02 04 09 49 60 30 35 32 36 31 37 34 39 59 18 08 43 53 28 33 69 66 72 76 68 67 75 70 74 71 73 
52 50 51 57 58 56 53 65 55 09 22 26 27 25 21 20 28 62 24 19 42 40 41 47 48 46 43 61 45 29 18 12 64 10 13 17 16 15 11 39 08 00 63 04 44 02 07 06 05 01 33 35 60 34 54 37 32 30 31 36 14 03 49 59 23 38 68 72 70 73 76 69 66 67 71 75 74 
51 52 57 53 54 55 56 50 58 59 29 27 25 21 28 24 20 26 22 23 41 42 47 43 44 45 46 40 48 49 12 10 16 13 19 15 17 11 18 14 00 04 06 02 03 09 05 07 01 08 35 34 30 37 38 39 31 32 36 33 60 61 62 63 64 65 67 75 66 68 69 70 71 72 73 74 76 
