71 53 58 54 55 59 51 52 56 65 10 68 75 73 74 67 72 66 69 76 40 13 18 14 15 19 11 12 16 62 00 28 24 25 29 21 22 26 63 23 50 03 08 04 05 09 01 02 06 61 30 32 37 33 34 38 39 31 35 64 07 57 70 17 27 36 48 60 44 41 42 20 43 45 49 46 47 
53 72 65 59 56 58 55 54 52 57 68 11 76 67 69 75 74 73 66 70 13 41 62 19 16 18 15 14 12 17 23 63 29 26 28 25 24 22 27 01 03 51 61 09 06 08 05 04 02 07 32 39 64 38 35 37 34 33 31 36 00 50 71 10 20 30 60 47 49 45 44 43 21 46 48 42 40 
58 65 66 55 50 56 57 51 53 54 75 76 12 74 71 69 70 72 68 73 18 62 42 15 10 16 17 11 13 14 28 02 25 20 26 27 21 23 24 63 08 61 52 05 00 06 07 01 03 04 37 64 31 34 30 35 36 39 32 33 09 59 67 19 29 38 22 44 45 47 41 48 60 40 46 43 49 
54 59 55 68 65 51 58 50 57 56 73 67 74 13 76 72 75 71 70 69 14 19 15 43 62 11 18 10 17 16 24 25 03 63 21 28 20 27 26 29 04 09 05 53 61 01 08 00 07 06 33 38 34 32 64 39 37 30 36 35 02 52 66 12 22 31 45 46 23 48 40 44 49 60 41 47 42 
55 56 50 65 73 57 52 58 59 53 74 69 71 76 14 70 66 75 67 68 15 16 10 62 44 17 12 18 19 13 25 20 63 04 27 22 28 29 23 26 05 06 00 61 54 07 02 08 09 03 34 35 30 64 33 36 31 37 38 32 01 51 72 11 21 39 40 43 60 42 48 45 46 24 47 49 41 
59 58 56 51 57 74 65 53 50 52 67 75 69 72 70 15 76 68 71 66 19 18 16 11 17 45 62 13 10 12 29 26 21 27 05 63 23 20 22 28 09 08 06 01 07 55 61 03 00 02 38 37 35 39 36 34 64 32 30 31 04 54 73 14 24 33 46 42 41 60 43 49 48 47 25 40 44 
51 55 57 58 52 65 69 59 54 50 72 74 70 75 66 76 16 67 73 71 11 15 17 18 12 62 46 19 14 10 21 27 28 22 63 06 29 24 20 25 01 05 07 08 02 61 56 09 04 00 39 34 36 37 31 64 35 38 33 30 03 53 68 13 23 32 47 40 48 26 49 41 45 42 60 44 43 
52 54 51 50 58 53 59 70 65 55 66 73 72 71 75 68 67 17 76 74 12 14 11 10 18 13 19 47 62 15 22 21 20 28 23 29 07 63 25 24 02 04 01 00 08 03 09 57 61 05 31 33 39 30 37 32 38 36 64 34 06 56 69 16 26 35 41 45 40 49 27 42 44 48 43 60 46 
56 52 53 57 59 50 54 65 75 51 69 66 68 70 67 71 73 76 18 72 16 12 13 17 19 10 14 62 48 11 26 23 27 29 20 24 63 08 21 22 06 02 03 07 09 00 04 61 58 01 35 31 32 36 38 30 33 64 37 39 05 55 74 15 25 34 43 41 47 44 60 46 42 49 40 28 45 
65 57 54 56 53 52 50 55 51 67 76 70 73 69 68 66 71 74 72 19 62 17 14 16 13 12 10 15 11 49 63 24 26 23 22 20 25 21 09 27 61 07 04 06 03 02 00 05 01 59 64 36 33 35 32 31 30 34 39 38 08 58 75 18 28 37 44 29 46 40 45 60 47 43 42 41 48 
40 23 28 24 25 29 21 22 26 63 71 03 08 04 05 09 01 02 06 61 20 43 48 44 45 49 41 42 46 60 50 75 73 74 67 72 66 69 76 68 10 32 37 33 34 38 39 31 35 64 00 13 18 14 15 19 11 12 16 62 36 27 07 47 70 17 58 65 54 51 52 30 53 55 59 56 57 
23 41 63 29 26 28 25 24 22 27 03 72 61 09 06 08 05 04 02 07 43 21 60 49 46 48 45 44 42 47 68 76 67 69 75 74 73 66 70 51 32 11 64 38 35 37 34 33 31 36 13 01 62 19 16 18 15 14 12 17 30 20 00 40 71 10 65 57 59 55 54 53 39 56 58 52 50 
28 63 42 25 20 26 27 21 23 24 08 61 66 05 00 06 07 01 03 04 48 60 22 45 40 46 47 41 43 44 75 52 74 71 69 70 72 68 73 76 37 64 12 34 30 35 36 39 32 33 18 62 02 15 10 16 17 11 13 14 38 29 09 49 67 19 31 54 55 57 51 58 65 50 56 53 59 
24 29 25 43 63 21 28 20 27 26 04 09 05 68 61 01 08 00 07 06 44 49 45 23 60 41 48 40 47 46 73 74 53 76 72 75 71 70 69 67 33 38 34 13 64 39 37 30 36 35 14 19 15 03 62 11 18 10 17 16 31 22 02 42 66 12 55 56 32 58 50 54 59 65 51 57 52 
25 26 20 63 44 27 22 28 29 23 05 06 00 61 73 07 02 08 09 03 45 46 40 60 24 47 42 48 49 43 74 71 76 54 70 66 75 67 68 69 34 35 30 64 14 36 31 37 38 32 15 16 10 62 04 17 12 18 19 13 39 21 01 41 72 11 50 53 65 52 58 55 56 33 57 59 51 
29 28 26 21 27 45 63 23 20 22 09 08 06 01 07 74 61 03 00 02 49 48 46 41 47 25 60 43 40 42 67 69 72 70 55 76 68 71 66 75 38 37 35 39 36 15 64 32 30 31 19 18 16 11 17 05 62 13 10 12 33 24 04 44 73 14 56 52 51 65 53 59 58 57 34 50 54 
21 25 27 28 22 63 46 29 24 20 01 05 07 08 02 61 69 09 04 00 41 45 47 48 42 60 26 49 44 40 72 70 75 66 76 56 67 73 71 74 39 34 36 37 31 64 16 38 33 30 11 15 17 18 12 62 06 19 14 10 32 23 03 43 68 13 57 50 58 35 59 51 55 52 65 54 53 
22 24 21 20 28 23 29 47 63 25 02 04 01 00 08 03 09 70 61 05 42 44 41 40 48 43 49 27 60 45 66 72 71 75 68 67 57 76 74 73 31 33 39 30 37 32 38 17 64 34 12 14 11 10 18 13 19 07 62 15 35 26 06 46 69 16 51 55 50 59 36 52 54 58 53 65 56 
26 22 23 27 29 20 24 63 48 21 06 02 03 07 09 00 04 61 75 01 46 42 43 47 49 40 44 60 28 41 69 68 70 67 71 73 76 58 72 66 35 31 32 36 38 30 33 64 18 39 16 12 13 17 19 10 14 62 08 11 34 25 05 45 74 15 53 51 57 54 65 56 52 59 50 37 55 
63 27 24 26 23 22 20 25 21 49 61 07 04 06 03 02 00 05 01 67 60 47 44 46 43 42 40 45 41 29 76 73 69 68 66 71 74 72 59 70 64 36 33 35 32 31 30 34 39 19 62 17 14 16 13 12 10 15 11 09 37 28 08 48 75 18 54 38 56 50 55 65 57 53 52 51 58 
10 43 48 44 45 49 41 42 46 60 50 23 28 24 25 29 21 22 26 63 71 32 37 33 34 38 39 31 35 64 30 58 54 55 59 51 52 56 65 53 00 68 75 73 74 67 72 66 69 76 20 03 08 04 05 09 01 02 06 61 70 47 27 36 57 07 18 62 14 11 12 40 13 15 19 16 17 
43 11 60 49 46 48 45 44 42 47 23 51 63 29 26 28 25 24 22 27 32 72 64 38 35 37 34 33 31 36 53 65 59 56 58 55 54 52 57 39 68 01 76 67 69 75 74 73 66 70 03 21 61 09 06 08 05 04 02 07 71 40 20 30 50 00 62 17 19 15 14 13 41 16 18 12 10 
48 60 12 45 40 46 47 41 43 44 28 63 52 25 20 26 27 21 23 24 37 64 66 34 30 35 36 39 32 33 58 31 55 50 56 57 51 53 54 65 75 76 02 74 71 69 70 72 68 73 08 61 22 05 00 06 07 01 03 04 67 49 29 38 59 09 42 14 15 17 11 18 62 10 16 13 19 
44 49 45 13 60 41 48 40 47 46 24 29 25 53 63 21 28 20 27 26 33 38 34 68 64 39 37 30 36 35 54 55 32 65 51 58 50 57 56 59 73 67 74 03 76 72 75 71 70 69 04 09 05 23 61 01 08 00 07 06 66 42 22 31 52 02 15 16 43 18 10 14 19 62 11 17 12 
45 46 40 60 14 47 42 48 49 43 25 26 20 63 54 27 22 28 29 23 34 35 30 64 73 36 31 37 38 32 55 50 65 33 57 52 58 59 53 56 74 69 71 76 04 70 66 75 67 68 05 06 00 61 24 07 02 08 09 03 72 41 21 39 51 01 10 13 62 12 18 15 16 44 17 19 11 
49 48 46 41 47 15 60 43 40 42 29 28 26 21 27 55 63 23 20 22 38 37 35 39 36 74 64 32 30 31 59 56 51 57 34 65 53 50 52 58 67 75 69 72 70 05 76 68 71 66 09 08 06 01 07 25 61 03 00 02 73 44 24 33 54 04 16 12 11 62 13 19 18 17 45 10 14 
41 45 47 48 42 60 16 49 44 40 21 25 27 28 22 63 56 29 24 20 39 34 36 37 31 64 69 38 33 30 51 57 58 52 65 35 59 54 50 55 72 74 70 75 66 76 06 67 73 71 01 05 07 08 02 61 26 09 04 00 68 43 23 32 53 03 17 10 18 46 19 11 15 12 62 14 13 
42 44 41 40 48 43 49 17 60 45 22 24 21 20 28 23 29 57 63 25 31 33 39 30 37 32 38 70 64 34 52 51 50 58 53 59 36 65 55 54 66 73 72 71 75 68 67 07 76 74 02 04 01 00 08 03 09 27 61 05 69 46 26 35 56 06 11 15 10 19 47 12 14 18 13 62 16 
46 42 43 47 49 40 44 60 18 41 26 22 23 27 29 20 24 63 58 21 35 31 32 36 38 30 33 64 75 39 56 53 57 59 50 54 65 37 51 52 69 66 68 70 67 71 73 76 08 72 06 02 03 07 09 00 04 61 28 01 74 45 25 34 55 05 13 11 17 14 62 16 12 19 10 48 15 
60 47 44 46 43 42 40 45 41 19 63 27 24 26 23 22 20 25 21 59 64 36 33 35 32 31 30 34 39 67 65 54 56 53 52 50 55 51 38 57 76 70 73 69 68 66 71 74 72 09 61 07 04 06 03 02 00 05 01 29 75 48 28 37 58 08 14 49 16 10 15 62 17 13 12 11 18 
30 32 37 33 34 38 39 31 35 64 20 43 48 44 45 49 41 42 46 60 00 68 75 73 74 67 72 66 69 76 71 18 14 15 19 11 12 16 62 13 40 53 58 54 55 59 51 52 56 65 10 23 28 24 25 29 21 22 26 63 57 36 47 70 17 27 08 61 04 01 02 50 03 05 09 06 07 
37 64 31 34 30 35 36 39 32 33 48 60 22 45 40 46 47 41 43 44 75 76 02 74 71 69 70 72 68 73 18 66 15 10 16 17 11 13 14 62 58 65 42 55 50 56 57 51 53 54 28 63 12 25 20 26 27 21 23 24 59 38 49 67 19 29 52 04 05 07 01 08 61 00 06 03 09 
33 38 34 32 64 39 37 30 36 35 44 49 45 23 60 41 48 40 47 46 73 67 74 03 76 72 75 71 70 69 14 15 68 62 11 18 10 17 16 19 54 59 55 43 65 51 58 50 57 56 24 29 25 13 63 21 28 20 27 26 52 31 42 66 12 22 05 06 53 08 00 04 09 61 01 07 02 
34 35 30 64 33 36 31 37 38 32 45 46 40 60 24 47 42 48 49 43 74 69 71 76 04 70 66 75 67 68 15 10 62 73 17 12 18 19 13 16 55 56 50 65 44 57 52 58 59 53 25 26 20 63 14 27 22 28 29 23 51 39 41 72 11 21 00 03 61 02 08 05 06 54 07 09 01 
38 37 35 39 36 34 64 32 30 31 49 48 46 41 47 25 60 43 40 42 67 75 69 72 70 05 76 68 71 66 19 16 11 17 74 62 13 10 12 18 59 58 56 51 57 45 65 53 50 52 29 28 26 21 27 15 63 23 20 22 54 33 44 73 14 24 06 02 01 61 03 09 08 07 55 00 04 
39 34 36 37 31 64 35 38 33 30 41 45 47 48 42 60 26 49 44 40 72 74 70 75 66 76 06 67 73 71 11 17 18 12 62 69 19 14 10 15 51 55 57 58 52 65 46 59 54 50 21 25 27 28 22 63 16 29 24 20 53 32 43 68 13 23 07 00 08 56 09 01 05 02 61 04 03 
31 33 39 30 37 32 38 36 64 34 42 44 41 40 48 43 49 27 60 45 66 73 72 71 75 68 67 07 76 74 12 11 10 18 13 19 70 62 15 14 52 54 51 50 58 53 59 47 65 55 22 24 21 20 28 23 29 17 63 25 56 35 46 69 16 26 01 05 00 09 57 02 04 08 03 61 06 
35 31 32 36 38 30 33 64 37 39 46 42 43 47 49 40 44 60 28 41 69 66 68 70 67 71 73 76 08 72 16 13 17 19 10 14 62 75 11 12 56 52 53 57 59 50 54 65 48 51 26 22 23 27 29 20 24 63 18 21 55 34 45 74 15 25 03 01 07 04 61 06 02 09 00 58 05 
64 36 33 35 32 31 30 34 39 38 60 47 44 46 43 42 40 45 41 29 76 70 73 69 68 66 71 74 72 09 62 14 16 13 12 10 15 11 67 17 65 57 54 56 53 52 50 55 51 49 63 27 24 26 23 22 20 25 21 19 58 37 48 75 18 28 04 59 06 00 05 61 07 03 02 01 08 
32 39 64 38 35 37 34 33 31 36 43 21 60 49 46 48 45 44 42 47 68 01 76 67 69 75 74 73 66 70 13 62 19 16 18 15 14 12 17 72 53 41 65 59 56 58 55 54 52 57 23 11 63 29 26 28 25 24 22 27 50 30 40 71 10 20 61 07 09 05 04 03 51 06 08 02 00 
20 13 18 14 15 19 11 12 16 62 40 53 58 54 55 59 51 52 56 65 30 03 08 04 05 09 01 02 06 61 10 48 44 45 49 41 42 46 60 43 71 23 28 24 25 29 21 22 26 63 50 68 75 73 74 67 72 66 69 76 27 17 57 07 47 70 37 64 33 39 31 00 32 34 38 35 36 
13 21 62 19 16 18 15 14 12 17 53 41 65 59 56 58 55 54 52 57 03 39 61 09 06 08 05 04 02 07 43 60 49 46 48 45 44 42 47 11 23 72 63 29 26 28 25 24 22 27 68 51 76 67 69 75 74 73 66 70 20 10 50 00 40 71 64 36 38 34 33 32 01 35 37 31 30 
18 62 22 15 10 16 17 11 13 14 58 65 42 55 50 56 57 51 53 54 08 61 31 05 00 06 07 01 03 04 48 12 45 40 46 47 41 43 44 60 28 63 66 25 20 26 27 21 23 24 75 76 52 74 71 69 70 72 68 73 29 19 59 09 49 67 02 33 34 36 39 37 64 30 35 32 38 
14 19 15 23 62 11 18 10 17 16 54 59 55 43 65 51 58 50 57 56 04 09 05 32 61 01 08 00 07 06 44 45 13 60 41 48 40 47 46 49 24 29 25 68 63 21 28 20 27 26 73 67 74 53 76 72 75 71 70 69 22 12 52 02 42 66 34 35 03 37 30 33 38 64 39 36 31 
15 16 10 62 24 17 12 18 19 13 55 56 50 65 44 57 52 58 59 53 05 06 00 61 33 07 02 08 09 03 45 40 60 14 47 42 48 49 43 46 25 26 20 63 73 27 22 28 29 23 74 69 71 76 54 70 66 75 67 68 21 11 51 01 41 72 30 32 64 31 37 34 35 04 36 38 39 
19 18 16 11 17 25 62 13 10 12 59 58 56 51 57 45 65 53 50 52 09 08 06 01 07 34 61 03 00 02 49 46 41 47 15 60 43 40 42 48 29 28 26 21 27 74 63 23 20 22 67 75 69 72 70 55 76 68 71 66 24 14 54 04 44 73 35 31 39 64 32 38 37 36 05 30 33 
11 15 17 18 12 62 26 19 14 10 51 55 57 58 52 65 46 59 54 50 01 05 07 08 02 61 35 09 04 00 41 47 48 42 60 16 49 44 40 45 21 25 27 28 22 63 69 29 24 20 72 74 70 75 66 76 56 67 73 71 23 13 53 03 43 68 36 30 37 06 38 39 34 31 64 33 32 
12 14 11 10 18 13 19 27 62 15 52 54 51 50 58 53 59 47 65 55 02 04 01 00 08 03 09 36 61 05 42 41 40 48 43 49 17 60 45 44 22 24 21 20 28 23 29 70 63 25 66 73 72 71 75 68 67 57 76 74 26 16 56 06 46 69 39 34 30 38 07 31 33 37 32 64 35 
16 12 13 17 19 10 14 62 28 11 56 52 53 57 59 50 54 65 48 51 06 02 03 07 09 00 04 61 37 01 46 43 47 49 40 44 60 18 41 42 26 22 23 27 29 20 24 63 75 21 69 66 68 70 67 71 73 76 58 72 25 15 55 05 45 74 32 39 36 33 64 35 31 38 30 08 34 
62 17 14 16 13 12 10 15 11 29 65 57 54 56 53 52 50 55 51 49 61 07 04 06 03 02 00 05 01 38 60 44 46 43 42 40 45 41 19 47 63 27 24 26 23 22 20 25 21 67 76 70 73 69 68 66 71 74 72 59 28 18 58 08 48 75 33 09 35 30 34 64 36 32 31 39 37 
00 68 75 73 74 67 72 66 69 76 30 32 37 33 34 38 39 31 35 64 50 53 58 54 55 59 51 52 56 65 40 08 04 05 09 01 02 06 61 03 20 13 18 14 15 19 11 12 16 62 71 43 48 44 45 49 41 42 46 60 17 70 36 57 07 47 28 63 24 21 22 10 23 25 29 26 27 
68 01 76 67 69 75 74 73 66 70 32 39 64 38 35 37 34 33 31 36 53 51 65 59 56 58 55 54 52 57 03 61 09 06 08 05 04 02 07 41 13 21 62 19 16 18 15 14 12 17 43 72 60 49 46 48 45 44 42 47 10 71 30 50 00 40 63 27 29 25 24 23 11 26 28 22 20 
75 76 02 74 71 69 70 72 68 73 37 64 31 34 30 35 36 39 32 33 58 65 52 55 50 56 57 51 53 54 08 42 05 00 06 07 01 03 04 61 18 62 22 15 10 16 17 11 13 14 48 60 66 45 40 46 47 41 43 44 19 67 38 59 09 49 12 24 25 27 21 28 63 20 26 23 29 
73 67 74 03 76 72 75 71 70 69 33 38 34 32 64 39 37 30 36 35 54 59 55 53 65 51 58 50 57 56 04 05 43 61 01 08 00 07 06 09 14 19 15 23 62 11 18 10 17 16 44 49 45 68 60 41 48 40 47 46 12 66 31 52 02 42 25 26 13 28 20 24 29 63 21 27 22 
74 69 71 76 04 70 66 75 67 68 34 35 30 64 33 36 31 37 38 32 55 56 50 65 54 57 52 58 59 53 05 00 61 44 07 02 08 09 03 06 15 16 10 62 24 17 12 18 19 13 45 46 40 60 73 47 42 48 49 43 11 72 39 51 01 41 20 23 63 22 28 25 26 14 27 29 21 
67 75 69 72 70 05 76 68 71 66 38 37 35 39 36 34 64 32 30 31 59 58 56 51 57 55 65 53 50 52 09 06 01 07 45 61 03 00 02 08 19 18 16 11 17 25 62 13 10 12 49 48 46 41 47 74 60 43 40 42 14 73 33 54 04 44 26 22 21 63 23 29 28 27 15 20 24 
72 74 70 75 66 76 06 67 73 71 39 34 36 37 31 64 35 38 33 30 51 55 57 58 52 65 56 59 54 50 01 07 08 02 61 46 09 04 00 05 11 15 17 18 12 62 26 19 14 10 41 45 47 48 42 60 69 49 44 40 13 68 32 53 03 43 27 20 28 16 29 21 25 22 63 24 23 
66 73 72 71 75 68 67 07 76 74 31 33 39 30 37 32 38 36 64 34 52 54 51 50 58 53 59 57 65 55 02 01 00 08 03 09 47 61 05 04 12 14 11 10 18 13 19 27 62 15 42 44 41 40 48 43 49 70 60 45 16 69 35 56 06 46 21 25 20 29 17 22 24 28 23 63 26 
69 66 68 70 67 71 73 76 08 72 35 31 32 36 38 30 33 64 37 39 56 52 53 57 59 50 54 65 58 51 06 03 07 09 00 04 61 48 01 02 16 12 13 17 19 10 14 62 28 11 46 42 43 47 49 40 44 60 75 41 15 74 34 55 05 45 23 21 27 24 63 26 22 29 20 18 25 
76 70 73 69 68 66 71 74 72 09 64 36 33 35 32 31 30 34 39 38 65 57 54 56 53 52 50 55 51 59 61 04 06 03 02 00 05 01 49 07 62 17 14 16 13 12 10 15 11 29 60 47 44 46 43 42 40 45 41 67 18 75 37 58 08 48 24 19 26 20 25 63 27 23 22 21 28 
17 10 19 12 11 14 13 16 15 18 57 50 59 52 51 54 53 56 55 58 07 00 09 02 01 04 03 06 05 08 47 49 42 41 44 43 46 45 48 40 27 20 29 22 21 24 23 26 25 28 70 71 67 66 72 73 68 69 74 75 76 63 60 64 62 65 38 37 31 32 35 36 30 39 33 34 61 
57 50 59 52 51 54 53 56 55 58 70 71 67 66 72 73 68 69 74 75 17 10 19 12 11 14 13 16 15 18 27 29 22 21 24 23 26 25 28 20 07 00 09 02 01 04 03 06 05 08 36 30 38 31 39 33 32 35 34 37 65 76 62 60 61 64 49 48 42 43 46 47 40 41 44 45 63 
27 20 29 22 21 24 23 26 25 28 07 00 09 02 01 04 03 06 05 08 47 40 49 42 41 44 43 46 45 48 70 67 66 72 73 68 69 74 75 71 36 30 38 31 39 33 32 35 34 37 17 10 19 12 11 14 13 16 15 18 62 60 76 63 65 61 59 58 52 53 56 57 50 51 54 55 64 
47 40 49 42 41 44 43 46 45 48 27 20 29 22 21 24 23 26 25 28 36 30 38 31 39 33 32 35 34 37 57 59 52 51 54 53 56 55 58 50 70 71 67 66 72 73 68 69 74 75 07 00 09 02 01 04 03 06 05 08 61 62 65 76 64 63 19 18 12 13 16 17 10 11 14 15 60 
36 30 38 31 39 33 32 35 34 37 47 40 49 42 41 44 43 46 45 48 70 71 67 66 72 73 68 69 74 75 17 19 12 11 14 13 16 15 18 10 57 50 59 52 51 54 53 56 55 58 27 20 29 22 21 24 23 26 25 28 60 64 63 61 76 62 09 08 02 03 06 07 00 01 04 05 65 
70 71 67 66 72 73 68 69 74 75 36 30 38 31 39 33 32 35 34 37 57 50 59 52 51 54 53 56 55 58 07 09 02 01 04 03 06 05 08 00 17 10 19 12 11 14 13 16 15 18 47 40 49 42 41 44 43 46 45 48 63 61 64 65 60 76 29 28 22 23 26 27 20 21 24 25 62 
08 61 52 05 00 06 07 01 03 04 18 62 02 15 10 16 17 11 13 14 28 63 12 25 20 26 27 21 23 24 37 22 34 30 35 36 39 32 33 64 48 60 31 45 40 46 47 41 43 44 58 65 42 55 50 56 57 51 53 54 49 09 19 29 38 59 66 73 74 70 72 75 76 71 69 68 67 
61 07 04 06 03 02 00 05 01 59 62 17 14 16 13 12 10 15 11 09 63 27 24 26 23 22 20 25 21 19 64 33 35 32 31 30 34 39 29 36 60 47 44 46 43 42 40 45 41 38 65 57 54 56 53 52 50 55 51 49 48 08 18 28 37 58 73 67 69 71 74 76 70 68 66 72 75 
04 09 05 53 61 01 08 00 07 06 14 19 15 03 62 11 18 10 17 16 24 29 25 13 63 21 28 20 27 26 33 34 23 64 39 37 30 36 35 38 44 49 45 32 60 41 48 40 47 46 54 59 55 43 65 51 58 50 57 56 42 02 12 22 31 52 74 69 68 75 71 73 67 76 72 70 66 
01 05 07 08 02 61 56 09 04 00 11 15 17 18 12 62 06 19 14 10 21 25 27 28 22 63 16 29 24 20 39 36 37 31 64 26 38 33 30 34 41 45 47 48 42 60 35 49 44 40 51 55 57 58 52 65 46 59 54 50 43 03 13 23 32 53 70 71 75 69 67 72 74 66 76 73 68 
02 04 01 00 08 03 09 57 61 05 12 14 11 10 18 13 19 07 62 15 22 24 21 20 28 23 29 17 63 25 31 39 30 37 32 38 27 64 34 33 42 44 41 40 48 43 49 36 60 45 52 54 51 50 58 53 59 47 65 55 46 06 16 26 35 56 72 74 71 67 70 66 73 75 68 76 69 
50 03 08 04 05 09 01 02 06 61 00 13 18 14 15 19 11 12 16 62 10 23 28 24 25 29 21 22 26 63 20 37 33 34 38 39 31 35 64 32 30 43 48 44 45 49 41 42 46 60 40 53 58 54 55 59 51 52 56 65 47 07 17 27 36 57 75 76 73 72 66 71 68 74 67 69 70 
03 51 61 09 06 08 05 04 02 07 13 01 62 19 16 18 15 14 12 17 23 11 63 29 26 28 25 24 22 27 32 64 38 35 37 34 33 31 36 21 43 39 60 49 46 48 45 44 42 47 53 41 65 59 56 58 55 54 52 57 40 00 10 20 30 50 76 70 67 74 73 68 72 69 75 66 71 
05 06 00 61 54 07 02 08 09 03 15 16 10 62 04 17 12 18 19 13 25 26 20 63 14 27 22 28 29 23 34 30 64 24 36 31 37 38 32 35 45 46 40 60 33 47 42 48 49 43 55 56 50 65 44 57 52 58 59 53 41 01 11 21 39 51 71 68 76 66 75 74 69 73 70 67 72 
09 08 06 01 07 55 61 03 00 02 19 18 16 11 17 05 62 13 10 12 29 28 26 21 27 15 63 23 20 22 38 35 39 36 25 64 32 30 31 37 49 48 46 41 47 34 60 43 40 42 59 58 56 51 57 45 65 53 50 52 44 04 14 24 33 54 69 66 72 76 68 67 75 70 74 71 73 
06 02 03 07 09 00 04 61 58 01 16 12 13 17 19 10 14 62 08 11 26 22 23 27 29 20 24 63 18 21 35 32 36 38 30 33 64 28 39 31 46 42 43 47 49 40 44 60 37 41 56 52 53 57 59 50 54 65 48 51 45 05 15 25 34 55 68 72 70 73 76 69 66 67 71 75 74 
07 00 09 02 01 04 03 06 05 08 17 10 19 12 11 14 13 16 15 18 27 20 29 22 21 24 23 26 25 28 36 38 31 39 33 32 35 34 37 30 47 40 49 42 41 44 43 46 45 48 57 50 59 52 51 54 53 56 55 58 64 65 61 62 63 60 67 75 66 68 69 70 71 72 73 74 76 
