70 76 72 71 74 66 75 68 69 67 10 61 18 16 17 14 19 11 13 15 40 64 48 46 47 44 49 41 43 45 00 65 07 05 06 03 08 01 09 04 50 60 58 56 57 54 59 51 52 55 30 63 36 38 37 34 39 31 33 35 32 12 42 02 53 73 25 29 26 24 20 21 23 28 27 62 22 
76 75 71 69 67 70 72 74 73 66 61 11 17 19 15 16 10 18 14 12 64 41 47 49 45 46 40 48 44 42 65 01 06 08 04 05 00 07 03 02 60 51 57 59 55 56 50 58 54 53 63 31 39 37 35 36 30 38 34 32 33 13 43 09 52 68 22 20 29 26 62 28 24 27 25 21 23 
72 71 73 68 70 75 69 66 74 76 18 17 12 61 13 10 11 15 19 14 48 47 42 64 43 40 41 45 49 44 07 06 02 65 09 00 01 04 08 03 58 57 53 60 52 50 51 55 59 54 38 37 63 32 33 30 31 35 39 34 36 16 46 05 56 67 24 21 62 20 28 25 29 22 23 27 26 
71 69 68 74 76 72 73 70 67 75 17 15 13 11 14 61 18 12 10 16 47 45 43 41 44 64 48 42 40 46 06 04 09 01 03 65 07 02 00 05 57 55 52 51 54 60 58 53 50 56 37 35 31 33 34 63 38 32 30 36 39 19 49 08 59 66 26 28 21 62 27 22 20 23 24 25 29 
74 67 70 76 69 68 66 71 75 73 14 16 10 12 61 15 13 19 17 11 44 46 40 42 64 45 43 49 47 41 03 05 00 02 65 04 09 08 06 01 54 56 50 53 60 55 52 59 57 51 34 36 32 30 63 35 33 39 37 31 38 18 48 07 58 72 21 23 22 25 24 29 27 20 62 26 28 
66 70 75 72 68 67 76 73 71 74 19 10 11 14 18 13 16 61 12 17 49 40 41 44 48 43 46 64 42 47 08 00 01 03 07 09 05 65 02 06 59 50 51 54 58 52 56 60 53 57 39 30 34 31 38 33 36 63 32 37 35 15 45 04 55 69 27 26 24 23 29 62 22 21 28 20 25 
75 72 69 73 66 76 71 67 68 70 11 18 15 10 12 19 61 17 16 13 41 48 45 40 42 49 64 47 46 43 01 07 04 00 02 08 65 06 05 09 51 58 55 50 53 59 60 57 56 52 31 38 30 35 32 39 63 37 36 33 34 14 44 03 54 74 23 62 20 29 21 27 26 25 22 28 24 
68 74 66 70 71 73 67 72 76 69 13 14 19 15 10 17 12 16 18 61 43 44 49 45 40 47 42 46 48 64 09 03 08 04 00 06 02 05 07 65 52 54 59 55 50 57 53 56 58 60 33 34 35 39 30 37 32 36 38 63 31 11 41 01 51 75 62 22 25 27 23 26 28 29 20 24 21 
69 73 74 67 75 71 68 76 66 72 15 12 14 18 16 11 17 13 61 19 45 42 44 48 46 41 47 43 64 49 04 02 03 07 05 01 06 09 65 08 55 53 54 58 56 51 57 52 60 59 35 32 38 34 36 31 37 33 63 39 30 10 40 00 50 70 29 27 28 21 25 23 62 24 26 22 20 
67 66 76 75 73 74 70 69 72 68 16 19 61 13 11 12 14 10 15 18 46 49 64 43 41 42 44 40 45 48 05 08 65 09 01 02 03 00 04 07 56 59 60 52 51 53 54 50 55 58 36 39 33 63 31 32 34 30 35 38 37 17 47 06 57 71 28 24 23 22 26 20 25 62 21 29 27 
40 64 48 47 44 49 41 43 45 46 70 76 72 67 71 74 66 75 68 69 20 62 28 26 27 24 29 21 23 25 50 60 58 56 57 54 59 51 52 55 10 61 18 16 17 14 19 11 13 15 00 65 05 07 06 03 08 01 09 04 02 73 22 53 12 42 35 39 36 34 30 31 33 38 37 63 32 
64 41 47 45 46 40 48 44 42 49 76 75 71 66 69 67 70 72 74 73 62 21 27 29 25 26 20 28 24 22 60 51 57 59 55 56 50 58 54 53 61 11 17 19 15 16 10 18 14 12 65 01 08 06 04 05 00 07 03 02 09 68 23 52 13 43 32 30 39 36 63 38 34 37 35 31 33 
48 47 42 43 40 41 45 49 44 64 72 71 73 76 68 70 75 69 66 74 28 27 22 62 23 20 21 25 29 24 58 57 53 60 52 50 51 55 59 54 18 17 12 61 13 10 11 15 19 14 07 06 65 02 09 00 01 04 08 03 05 67 26 56 16 46 34 31 63 30 38 35 39 32 33 37 36 
46 49 64 41 42 44 40 45 48 43 67 66 76 68 75 73 74 70 69 72 26 29 62 23 21 22 24 20 25 28 56 59 60 52 51 53 54 50 55 58 16 19 61 13 11 12 14 10 15 18 05 08 09 65 01 02 03 00 04 07 06 71 27 57 17 47 38 34 33 32 36 30 35 63 31 39 37 
47 45 43 44 64 48 42 40 46 41 71 69 68 75 74 76 72 73 70 67 27 25 23 21 24 62 28 22 20 26 57 55 52 51 54 60 58 53 50 56 17 15 13 11 14 61 18 12 10 16 06 04 01 09 03 65 07 02 00 05 08 66 29 59 19 49 36 38 31 63 37 32 30 33 34 35 39 
44 46 40 64 45 43 49 47 41 42 74 67 70 73 76 69 68 66 71 75 24 26 20 22 62 25 23 29 27 21 54 56 50 53 60 55 52 59 57 51 14 16 10 12 61 15 13 19 17 11 03 05 02 00 65 04 09 08 06 01 07 72 28 58 18 48 31 33 32 35 34 39 37 30 63 36 38 
49 40 41 48 43 46 64 42 47 44 66 70 75 74 72 68 67 76 73 71 29 20 21 24 28 23 26 62 22 27 59 50 51 54 58 52 56 60 53 57 19 10 11 14 18 13 16 61 12 17 08 00 03 01 07 09 05 65 02 06 04 69 25 55 15 45 37 36 34 33 39 63 32 31 38 30 35 
41 48 45 42 49 64 47 46 43 40 75 72 69 70 73 66 76 71 67 68 21 28 25 20 22 29 62 27 26 23 51 58 55 50 53 59 60 57 56 52 11 18 15 10 12 19 61 17 16 13 01 07 00 04 02 08 65 06 05 09 03 74 24 54 14 44 33 63 30 39 31 37 36 35 32 38 34 
43 44 49 40 47 42 46 48 64 45 68 74 66 69 70 71 73 67 72 76 23 24 29 25 20 27 22 26 28 62 52 54 59 55 50 57 53 56 58 60 13 14 19 15 10 17 12 16 18 61 09 03 04 08 00 06 02 05 07 65 01 75 21 51 11 41 63 32 35 37 33 36 38 39 30 34 31 
45 42 44 46 41 47 43 64 49 48 69 73 74 72 67 75 71 68 76 66 25 22 24 28 26 21 27 23 62 29 55 53 54 58 56 51 57 52 60 59 15 12 14 18 16 11 17 13 61 19 04 02 07 03 05 01 06 09 65 08 00 70 20 50 10 40 39 37 38 31 35 33 63 34 36 32 30 
10 61 18 17 14 19 11 13 15 16 50 60 58 56 57 54 59 51 52 55 70 76 72 67 71 74 66 75 68 69 30 63 38 36 37 34 39 31 33 35 00 65 07 05 06 03 08 01 09 04 20 62 26 28 27 24 29 21 23 25 22 53 73 32 02 12 45 49 46 44 40 41 43 48 47 64 42 
61 11 17 15 16 10 18 14 12 19 60 51 57 59 55 56 50 58 54 53 76 75 71 66 69 67 70 72 74 73 63 31 37 39 35 36 30 38 34 32 65 01 06 08 04 05 00 07 03 02 62 21 29 27 25 26 20 28 24 22 23 52 68 33 09 13 42 40 49 46 64 48 44 47 45 41 43 
18 17 12 13 10 11 15 19 14 61 58 57 53 60 52 50 51 55 59 54 72 71 73 76 68 70 75 69 66 74 38 37 32 63 33 30 31 35 39 34 07 06 02 65 09 00 01 04 08 03 28 27 62 22 23 20 21 25 29 24 26 56 67 36 05 16 44 41 64 40 48 45 49 42 43 47 46 
16 19 61 11 12 14 10 15 18 13 56 59 60 52 51 53 54 50 55 58 67 66 76 68 75 73 74 70 69 72 36 39 63 33 31 32 34 30 35 38 05 08 65 09 01 02 03 00 04 07 26 29 23 62 21 22 24 20 25 28 27 57 71 37 06 17 48 44 43 42 46 40 45 64 41 49 47 
17 15 13 14 61 18 12 10 16 11 57 55 52 51 54 60 58 53 50 56 71 69 68 75 74 76 72 73 70 67 37 35 33 31 34 63 38 32 30 36 06 04 09 01 03 65 07 02 00 05 27 25 21 23 24 62 28 22 20 26 29 59 66 39 08 19 46 48 41 64 47 42 40 43 44 45 49 
14 16 10 61 15 13 19 17 11 12 54 56 50 53 60 55 52 59 57 51 74 67 70 73 76 69 68 66 71 75 34 36 30 32 63 35 33 39 37 31 03 05 00 02 65 04 09 08 06 01 24 26 22 20 62 25 23 29 27 21 28 58 72 38 07 18 41 43 42 45 44 49 47 40 64 46 48 
19 10 11 18 13 16 61 12 17 14 59 50 51 54 58 52 56 60 53 57 66 70 75 74 72 68 67 76 73 71 39 30 31 34 38 33 36 63 32 37 08 00 01 03 07 09 05 65 02 06 29 20 24 21 28 23 26 62 22 27 25 55 69 35 04 15 47 46 44 43 49 64 42 41 48 40 45 
11 18 15 12 19 61 17 16 13 10 51 58 55 50 53 59 60 57 56 52 75 72 69 70 73 66 76 71 67 68 31 38 35 30 32 39 63 37 36 33 01 07 04 00 02 08 65 06 05 09 21 28 20 25 22 29 62 27 26 23 24 54 74 34 03 14 43 64 40 49 41 47 46 45 42 48 44 
13 14 19 10 17 12 16 18 61 15 52 54 59 55 50 57 53 56 58 60 68 74 66 69 70 71 73 67 72 76 33 34 39 35 30 37 32 36 38 63 09 03 08 04 00 06 02 05 07 65 23 24 25 29 20 27 22 26 28 62 21 51 75 31 01 11 64 42 45 47 43 46 48 49 40 44 41 
15 12 14 16 11 17 13 61 19 18 55 53 54 58 56 51 57 52 60 59 69 73 74 72 67 75 71 68 76 66 35 32 34 38 36 31 37 33 63 39 04 02 03 07 05 01 06 09 65 08 25 22 28 24 26 21 27 23 62 29 20 50 70 30 00 10 49 47 48 41 45 43 64 44 46 42 40 
30 63 38 37 34 39 31 33 35 36 20 62 28 26 27 24 29 21 23 25 00 65 07 05 06 03 08 01 09 04 70 76 72 67 71 74 66 75 68 69 40 64 48 46 47 44 49 41 43 45 10 61 16 18 17 14 19 11 13 15 12 22 02 73 42 32 55 59 56 54 50 51 52 58 57 60 53 
63 31 37 35 36 30 38 34 32 39 62 21 27 29 25 26 20 28 24 22 65 01 06 08 04 05 00 07 03 02 76 75 71 66 69 67 70 72 74 73 64 41 47 49 45 46 40 48 44 42 61 11 19 17 15 16 10 18 14 12 13 23 09 68 43 33 53 50 59 56 60 58 54 57 55 51 52 
38 37 32 33 30 31 35 39 34 63 28 27 22 62 23 20 21 25 29 24 07 06 02 65 09 00 01 04 08 03 72 71 73 76 68 70 75 69 66 74 48 47 42 64 43 40 41 45 49 44 18 17 61 12 13 10 11 15 19 14 16 26 05 67 46 36 54 51 60 50 58 55 59 53 52 57 56 
36 39 63 31 32 34 30 35 38 33 26 29 62 23 21 22 24 20 25 28 05 08 65 09 01 02 03 00 04 07 67 66 76 68 75 73 74 70 69 72 46 49 64 43 41 42 44 40 45 48 16 19 13 61 11 12 14 10 15 18 17 27 06 71 47 37 58 54 52 53 56 50 55 60 51 59 57 
37 35 33 34 63 38 32 30 36 31 27 25 23 21 24 62 28 22 20 26 06 04 09 01 03 65 07 02 00 05 71 69 68 75 74 76 72 73 70 67 47 45 43 41 44 64 48 42 40 46 17 15 11 13 14 61 18 12 10 16 19 29 08 66 49 39 56 58 51 60 57 53 50 52 54 55 59 
34 36 30 63 35 33 39 37 31 32 24 26 20 22 62 25 23 29 27 21 03 05 00 02 65 04 09 08 06 01 74 67 70 73 76 69 68 66 71 75 44 46 40 42 64 45 43 49 47 41 14 16 12 10 61 15 13 19 17 11 18 28 07 72 48 38 51 52 53 55 54 59 57 50 60 56 58 
39 30 31 38 33 36 63 32 37 34 29 20 21 24 28 23 26 62 22 27 08 00 01 03 07 09 05 65 02 06 66 70 75 74 72 68 67 76 73 71 49 40 41 44 48 43 46 64 42 47 19 10 14 11 18 13 16 61 12 17 15 25 04 69 45 35 57 56 54 52 59 60 53 51 58 50 55 
31 38 35 32 39 63 37 36 33 30 21 28 25 20 22 29 62 27 26 23 01 07 04 00 02 08 65 06 05 09 75 72 69 70 73 66 76 71 67 68 41 48 45 40 42 49 64 47 46 43 11 18 10 15 12 19 61 17 16 13 14 24 03 74 44 34 52 60 50 59 51 57 56 55 53 58 54 
33 34 39 30 37 32 36 38 63 35 23 24 29 25 20 27 22 26 28 62 09 03 08 04 00 06 02 05 07 65 68 74 66 69 70 71 73 67 72 76 43 44 49 45 40 47 42 46 48 64 13 14 15 19 10 17 12 16 18 61 11 21 01 75 41 31 60 53 55 57 52 56 58 59 50 54 51 
35 32 34 36 31 37 33 63 39 38 25 22 24 28 26 21 27 23 62 29 04 02 03 07 05 01 06 09 65 08 69 73 74 72 67 75 71 68 76 66 45 42 44 48 46 41 47 43 64 49 15 12 18 14 16 11 17 13 61 19 10 20 00 70 40 30 59 57 58 51 55 52 60 54 56 53 50 
20 62 28 27 24 29 21 23 25 26 40 64 48 46 47 44 49 41 43 45 30 63 38 36 37 34 39 31 33 35 10 61 18 16 17 14 19 11 13 15 70 76 72 67 71 74 66 75 68 69 50 60 56 58 57 54 59 51 52 55 53 42 32 12 73 22 04 08 05 03 00 01 09 07 06 65 02 
62 21 27 25 26 20 28 24 22 29 64 41 47 49 45 46 40 48 44 42 63 31 37 39 35 36 30 38 34 32 61 11 17 19 15 16 10 18 14 12 76 75 71 66 69 67 70 72 74 73 60 51 59 57 55 56 50 58 54 53 52 43 33 13 68 23 02 00 08 05 65 07 03 06 04 01 09 
28 27 22 23 20 21 25 29 24 62 48 47 42 64 43 40 41 45 49 44 38 37 32 63 33 30 31 35 39 34 18 17 12 61 13 10 11 15 19 14 72 71 73 76 68 70 75 69 66 74 58 57 60 53 52 50 51 55 59 54 56 46 36 16 67 26 03 01 65 00 07 04 08 02 09 06 05 
26 29 62 21 22 24 20 25 28 23 46 49 64 43 41 42 44 40 45 48 36 39 63 33 31 32 34 30 35 38 16 19 61 13 11 12 14 10 15 18 67 66 76 68 75 73 74 70 69 72 56 59 52 60 51 53 54 50 55 58 57 47 37 17 71 27 07 03 09 02 05 00 04 65 01 08 06 
27 25 23 24 62 28 22 20 26 21 47 45 43 41 44 64 48 42 40 46 37 35 33 31 34 63 38 32 30 36 17 15 13 11 14 61 18 12 10 16 71 69 68 75 74 76 72 73 70 67 57 55 51 52 54 60 58 53 50 56 59 49 39 19 66 29 05 07 01 65 06 02 00 09 03 04 08 
24 26 20 62 25 23 29 27 21 22 44 46 40 42 64 45 43 49 47 41 34 36 30 32 63 35 33 39 37 31 14 16 10 12 61 15 13 19 17 11 74 67 70 73 76 69 68 66 71 75 54 56 53 50 60 55 52 59 57 51 58 48 38 18 72 28 01 09 02 04 03 08 06 00 65 05 07 
29 20 21 28 23 26 62 22 27 24 49 40 41 44 48 43 46 64 42 47 39 30 31 34 38 33 36 63 32 37 19 10 11 14 18 13 16 61 12 17 66 70 75 74 72 68 67 76 73 71 59 50 54 51 58 52 56 60 53 57 55 45 35 15 69 25 06 05 03 09 08 65 02 01 07 00 04 
21 28 25 22 29 62 27 26 23 20 41 48 45 40 42 49 64 47 46 43 31 38 35 30 32 39 63 37 36 33 11 18 15 10 12 19 61 17 16 13 75 72 69 70 73 66 76 71 67 68 51 58 50 55 53 59 60 57 56 52 54 44 34 14 74 24 09 65 00 08 01 06 05 04 02 07 03 
23 24 29 20 27 22 26 28 62 25 43 44 49 45 40 47 42 46 48 64 33 34 39 35 30 37 32 36 38 63 13 14 19 15 10 17 12 16 18 61 68 74 66 69 70 71 73 67 72 76 52 54 55 59 50 57 53 56 58 60 51 41 31 11 75 21 65 02 04 06 09 05 07 08 00 03 01 
25 22 24 26 21 27 23 62 29 28 45 42 44 48 46 41 47 43 64 49 35 32 34 38 36 31 37 33 63 39 15 12 14 18 16 11 17 13 61 19 69 73 74 72 67 75 71 68 76 66 55 53 58 54 56 51 57 52 60 59 50 40 30 10 70 20 08 06 07 01 04 09 65 03 05 02 00 
00 65 07 06 03 08 01 09 04 05 30 63 38 36 37 34 39 31 33 35 50 60 58 56 57 54 59 51 52 55 40 64 48 46 47 44 49 41 43 45 20 62 28 26 27 24 29 21 23 25 70 76 67 72 71 74 66 75 68 69 73 32 53 42 22 02 15 19 16 14 10 11 13 18 17 61 12 
65 01 06 04 05 00 07 03 02 08 63 31 37 39 35 36 30 38 34 32 60 51 57 59 55 56 50 58 54 53 64 41 47 49 45 46 40 48 44 42 62 21 27 29 25 26 20 28 24 22 76 75 66 71 69 67 70 72 74 73 68 33 52 43 23 09 12 10 19 16 61 18 14 17 15 11 13 
05 08 65 01 02 03 00 04 07 09 36 39 63 33 31 32 34 30 35 38 56 59 60 52 51 53 54 50 55 58 46 49 64 43 41 42 44 40 45 48 26 29 62 23 21 22 24 20 25 28 67 66 68 76 75 73 74 70 69 72 71 37 57 47 27 06 18 14 13 12 16 10 15 61 11 19 17 
07 06 02 09 00 01 04 08 03 65 38 37 32 63 33 30 31 35 39 34 58 57 53 60 52 50 51 55 59 54 48 47 42 64 43 40 41 45 49 44 28 27 22 62 23 20 21 25 29 24 72 71 76 73 68 70 75 69 66 74 67 36 56 46 26 05 14 11 61 10 18 15 19 12 13 17 16 
06 04 09 03 65 07 02 00 05 01 37 35 33 31 34 63 38 32 30 36 57 55 52 51 54 60 58 53 50 56 47 45 43 41 44 64 48 42 40 46 27 25 23 21 24 62 28 22 20 26 71 69 75 68 74 76 72 73 70 67 66 39 59 49 29 08 16 18 11 61 17 12 10 13 14 15 19 
03 05 00 65 04 09 08 06 01 02 34 36 30 32 63 35 33 39 37 31 54 56 50 53 60 55 52 59 57 51 44 46 40 42 64 45 43 49 47 41 24 26 20 22 62 25 23 29 27 21 74 67 73 70 76 69 68 66 71 75 72 38 58 48 28 07 11 13 12 15 14 19 17 10 61 16 18 
08 00 01 07 09 05 65 02 06 03 39 30 31 34 38 33 36 63 32 37 59 50 51 54 58 52 56 60 53 57 49 40 41 44 48 43 46 64 42 47 29 20 21 24 28 23 26 62 22 27 66 70 74 75 72 68 67 76 73 71 69 35 55 45 25 04 17 16 14 13 19 61 12 11 18 10 15 
01 07 04 02 08 65 06 05 09 00 31 38 35 30 32 39 63 37 36 33 51 58 55 50 53 59 60 57 56 52 41 48 45 40 42 49 64 47 46 43 21 28 25 20 22 29 62 27 26 23 75 72 70 69 73 66 76 71 67 68 74 34 54 44 24 03 13 61 10 19 11 17 16 15 12 18 14 
09 03 08 00 06 02 05 07 65 04 33 34 39 35 30 37 32 36 38 63 52 54 59 55 50 57 53 56 58 60 43 44 49 45 40 47 42 46 48 64 23 24 29 25 20 27 22 26 28 62 68 74 69 66 70 71 73 67 72 76 75 31 51 41 21 01 61 12 15 17 13 16 18 19 10 14 11 
04 02 03 05 01 06 09 65 08 07 35 32 34 38 36 31 37 33 63 39 55 53 54 58 56 51 57 52 60 59 45 42 44 48 46 41 47 43 64 49 25 22 24 28 26 21 27 23 62 29 69 73 72 74 67 75 71 68 76 66 70 30 50 40 20 00 19 17 18 11 15 13 61 14 16 12 10 
02 09 05 08 07 04 03 01 00 06 32 33 36 37 39 38 35 34 31 30 53 52 56 57 59 58 55 54 51 50 42 43 46 47 49 48 45 44 41 40 22 23 26 27 29 28 25 24 21 20 73 68 71 67 66 72 69 74 75 70 76 63 60 64 62 65 10 15 17 18 12 14 11 16 19 13 61 
42 43 46 49 48 45 44 41 40 47 73 68 67 71 66 72 69 74 75 70 22 23 26 27 29 28 25 24 21 20 53 52 56 57 59 58 55 54 51 50 12 13 16 17 19 18 15 14 11 10 02 09 06 05 08 07 04 03 01 00 65 76 62 60 61 64 30 35 37 38 32 34 31 36 39 33 63 
12 13 16 19 18 15 14 11 10 17 53 52 56 57 59 58 55 54 51 50 73 68 67 71 66 72 69 74 75 70 32 33 36 37 39 38 35 34 31 30 02 09 05 06 08 07 04 03 01 00 22 23 27 26 29 28 25 24 21 20 62 60 76 63 65 61 40 45 47 48 42 44 41 46 49 43 64 
32 33 36 39 38 35 34 31 30 37 22 23 26 27 29 28 25 24 21 20 02 09 05 06 08 07 04 03 01 00 73 68 67 71 66 72 69 74 75 70 42 43 46 47 49 48 45 44 41 40 12 13 17 16 19 18 15 14 11 10 61 62 65 76 64 63 50 55 57 58 53 54 51 56 59 52 60 
22 23 26 29 28 25 24 21 20 27 42 43 46 47 49 48 45 44 41 40 32 33 36 37 39 38 35 34 31 30 12 13 16 17 19 18 15 14 11 10 73 68 67 71 66 72 69 74 75 70 53 52 57 56 59 58 55 54 51 50 60 64 63 61 76 62 00 04 06 07 02 03 01 05 08 09 65 
73 68 67 66 72 69 74 75 70 71 12 13 16 17 19 18 15 14 11 10 42 43 46 47 49 48 45 44 41 40 02 09 05 06 08 07 04 03 01 00 53 52 56 57 59 58 55 54 51 50 32 33 37 36 39 38 35 34 31 30 63 61 64 65 60 76 20 25 27 28 22 24 21 26 29 23 62 
55 53 54 56 51 57 52 60 59 58 04 02 03 07 05 01 06 09 65 08 15 12 14 18 16 11 17 13 61 19 25 22 24 28 26 21 27 23 62 29 35 32 34 38 36 31 37 33 63 39 45 42 48 44 46 41 47 43 64 49 40 00 10 20 30 50 66 72 70 74 73 76 69 71 68 67 75 
59 50 51 58 52 56 60 53 57 54 08 00 01 03 07 09 05 65 02 06 19 10 11 14 18 13 16 61 12 17 29 20 21 24 28 23 26 62 22 27 39 30 31 34 38 33 36 63 32 37 49 40 44 41 48 43 46 64 42 47 45 04 15 25 35 55 69 67 73 72 76 68 70 66 75 71 74 
56 59 60 51 53 54 50 55 58 52 05 08 65 09 01 02 03 00 04 07 16 19 61 13 11 12 14 10 15 18 26 29 62 23 21 22 24 20 25 28 36 39 63 33 31 32 34 30 35 38 46 49 43 64 41 42 44 40 45 48 47 06 17 27 37 57 73 66 68 71 75 74 76 70 72 69 67 
54 56 50 60 55 52 59 57 51 53 03 05 00 02 65 04 09 08 06 01 14 16 10 12 61 15 13 19 17 11 24 26 20 22 62 25 23 29 27 21 34 36 30 32 63 35 33 39 37 31 44 46 42 40 64 45 43 49 47 41 48 07 18 28 38 58 68 70 74 69 72 67 75 76 71 73 66 
50 60 58 57 54 59 51 52 55 56 00 65 07 05 06 03 08 01 09 04 10 61 18 16 17 14 19 11 13 15 20 62 28 26 27 24 29 21 23 25 30 63 38 36 37 34 39 31 33 35 40 64 46 48 47 44 49 41 43 45 42 02 12 22 32 53 71 74 69 75 70 73 66 67 76 72 68 
51 58 55 53 59 60 57 56 52 50 01 07 04 00 02 08 65 06 05 09 11 18 15 10 12 19 61 17 16 13 21 28 25 20 22 29 62 27 26 23 31 38 35 30 32 39 63 37 36 33 41 48 40 45 42 49 64 47 46 43 44 03 14 24 34 54 75 73 72 70 67 71 74 68 66 76 69 
52 54 59 50 57 53 56 58 60 55 09 03 08 04 00 06 02 05 07 65 13 14 19 15 10 17 12 16 18 61 23 24 29 25 20 27 22 26 28 62 33 34 39 35 30 37 32 36 38 63 43 44 45 49 40 47 42 46 48 64 41 01 11 21 31 51 74 76 67 73 71 66 72 75 69 68 70 
58 57 53 52 50 51 55 59 54 60 07 06 02 65 09 00 01 04 08 03 18 17 12 61 13 10 11 15 19 14 28 27 22 62 23 20 21 25 29 24 38 37 32 63 33 30 31 35 39 34 48 47 64 42 43 40 41 45 49 44 46 05 16 26 36 56 76 69 75 66 74 72 68 73 67 70 71 
57 55 52 54 60 58 53 50 56 51 06 04 09 01 03 65 07 02 00 05 17 15 13 11 14 61 18 12 10 16 27 25 23 21 24 62 28 22 20 26 37 35 33 31 34 63 38 32 30 36 47 45 41 43 44 64 48 42 40 46 49 08 19 29 39 59 70 71 76 67 68 75 73 69 74 66 72 
60 51 57 55 56 50 58 54 53 59 65 01 06 08 04 05 00 07 03 02 61 11 17 19 15 16 10 18 14 12 62 21 27 29 25 26 20 28 24 22 63 31 37 39 35 36 30 38 34 32 64 41 49 47 45 46 40 48 44 42 43 09 13 23 33 52 72 68 71 76 66 69 67 74 70 75 73 
53 52 56 59 58 55 54 51 50 57 02 09 05 06 08 07 04 03 01 00 12 13 16 17 19 18 15 14 11 10 22 23 26 27 29 28 25 24 21 20 32 33 36 37 39 38 35 34 31 30 42 43 47 46 49 48 45 44 41 40 64 65 61 62 63 60 67 75 66 68 69 70 71 72 73 74 76 
