0  54 41 44 46 28 49 18 38 23 45 30 16 20 11 52 4  29 3  2  47 35 33 51 9  1  17 39 43 13 15 40 50 26 12 21 31 6  34 22 7  14 8  24 37 10 32 27 19 36 42 25 53 48 5
3  1  54 42 45 47 29 50 19 39 24 46 31 17 21 12 53 5  20 4  14 48 36 30 52 10 2  18 40 44 27 16 41 51 49 13 22 32 7  35 23 8  15 9  25 38 11 33 28 0  37 43 26 34 6
5  4  2  54 43 46 48 20 51 0  40 25 47 32 18 22 13 34 6  21 45 15 49 37 31 53 11 3  19 41 52 28 17 42 35 50 14 23 33 8  36 24 9  16 10 26 39 12 30 29 1  38 44 27 7
22 6  5  3  54 44 47 49 21 52 1  41 26 48 33 19 23 14 35 7  42 46 16 50 38 32 34 12 4  0  43 53 29 18 28 36 51 15 24 30 9  37 25 10 17 11 27 40 13 31 20 2  39 45 8
8  23 7  6  4  54 45 48 50 22 53 2  42 27 49 30 0  24 15 36 1  43 47 17 51 39 33 35 13 5  19 44 34 20 46 29 37 52 16 25 31 10 38 26 11 18 12 28 41 14 32 21 3  40 9
37 9  24 8  7  5  54 46 49 51 23 34 3  43 28 50 31 1  25 16 6  2  44 48 18 52 40 30 36 14 21 0  45 35 41 47 20 38 53 17 26 32 11 39 27 12 19 13 29 42 15 33 22 4  10
17 38 10 25 9  8  6  54 47 50 52 24 35 4  44 29 51 32 2  26 15 7  3  45 49 19 53 41 31 37 36 22 1  46 5  42 48 21 39 34 18 27 33 12 40 28 13 0  14 20 43 16 30 23 11
27 18 39 11 26 10 9  7  54 48 51 53 25 36 5  45 20 52 33 3  38 16 8  4  46 50 0  34 42 32 47 37 23 2  24 6  43 49 22 40 35 19 28 30 13 41 29 14 1  15 21 44 17 31 12
4  28 19 40 12 27 11 10 8  54 49 52 34 26 37 6  46 21 53 30 33 39 17 9  5  47 51 1  35 43 3  48 38 24 32 25 7  44 50 23 41 36 0  29 31 14 42 20 15 2  16 22 45 18 13
31 5  29 0  41 13 28 12 11 9  54 50 53 35 27 38 7  47 22 34 44 30 40 18 10 6  48 52 2  36 25 4  49 39 19 33 26 8  45 51 24 42 37 1  20 32 15 43 21 16 3  17 23 46 14
35 32 6  20 1  42 14 29 13 12 10 54 51 34 36 28 39 8  48 23 37 45 31 41 19 11 7  49 53 3  40 26 5  50 47 0  30 27 9  46 52 25 43 38 2  21 33 16 44 22 17 4  18 24 15
24 36 33 7  21 2  43 15 20 14 13 11 54 52 35 37 29 40 9  49 4  38 46 32 42 0  12 8  50 34 51 41 27 6  25 48 1  31 28 10 47 53 26 44 39 3  22 30 17 45 23 18 5  19 16
50 25 37 30 8  22 3  44 16 21 15 14 12 54 53 36 38 20 41 10 35 5  39 47 33 43 1  13 9  51 7  52 42 28 0  26 49 2  32 29 11 48 34 27 45 40 4  23 31 18 46 24 19 6  17
11 51 26 38 31 9  23 4  45 17 22 16 15 13 54 34 37 39 21 42 52 36 6  40 48 30 44 2  14 10 29 8  53 43 7  1  27 50 3  33 20 12 49 35 28 46 41 5  24 32 19 47 25 0  18
43 12 52 27 39 32 10 24 5  46 18 23 17 16 14 54 35 38 40 22 11 53 37 7  41 49 31 45 3  15 44 20 9  34 1  8  2  28 51 4  30 21 13 50 36 29 47 42 6  25 33 0  48 26 19
23 44 13 53 28 40 33 11 25 6  47 19 24 18 17 15 54 36 39 41 16 12 34 38 8  42 50 32 46 4  35 45 21 10 27 2  9  3  29 52 5  31 22 14 51 37 20 48 43 7  26 30 1  49 0
42 24 45 14 34 29 41 30 12 26 7  48 0  25 19 18 16 54 37 40 5  17 13 35 39 9  43 51 33 47 11 36 46 22 50 28 3  10 4  20 53 6  32 23 15 52 38 21 49 44 8  27 31 2  1
41 43 25 46 15 35 20 42 31 13 27 8  49 1  26 0  19 17 54 38 48 6  18 14 36 40 10 44 52 30 23 12 37 47 3  51 29 4  11 5  21 34 7  33 24 16 53 39 22 50 45 9  28 32 2
39 42 44 26 47 16 36 21 43 32 14 28 9  50 2  27 1  0  18 54 31 49 7  19 15 37 41 11 45 53 48 24 13 38 33 4  52 20 5  12 6  22 35 8  30 25 17 34 40 23 51 46 10 29 3
54 40 43 45 27 48 17 37 22 44 33 15 29 10 51 3  28 2  1  19 34 32 50 8  0  16 38 42 12 46 39 49 25 14 20 30 5  53 21 6  13 7  23 36 9  31 26 18 35 41 24 52 47 11 4
30 15 8  35 6  3  42 47 36 19 32 5  18 45 16 13 52 37 46 9  20 54 26 29 21 27 24 28 23 22 4  39 14 49 44 31 50 43 10 41 38 17 2  11 34 33 40 53 0  51 48 7  12 1  25
10 31 16 9  36 7  4  43 48 37 0  33 6  19 46 17 14 53 38 47 23 21 54 27 20 22 28 25 29 24 50 5  40 15 2  45 32 51 44 11 42 39 18 3  12 35 30 41 34 1  52 49 8  13 26
48 11 32 17 10 37 8  5  44 49 38 1  30 7  0  47 18 15 34 39 25 24 22 54 28 21 23 29 26 20 16 51 6  41 14 3  46 33 52 45 12 43 40 19 4  13 36 31 42 35 2  53 50 9  27
40 49 12 33 18 11 38 9  6  45 50 39 2  31 8  1  48 19 16 35 21 26 25 23 54 29 22 24 20 27 42 17 52 7  10 15 4  47 30 53 46 13 44 41 0  5  14 37 32 43 36 3  34 51 28
36 41 50 13 30 19 12 39 10 7  46 51 40 3  32 9  2  49 0  17 28 22 27 26 24 54 20 23 25 21 8  43 18 53 52 11 16 5  48 31 34 47 14 45 42 1  6  15 38 33 44 37 4  35 29
18 37 42 51 14 31 0  13 40 11 8  47 52 41 4  33 10 3  50 1  22 29 23 28 27 25 54 21 24 26 34 9  44 19 36 53 12 17 6  49 32 35 48 15 46 43 2  7  16 39 30 45 38 5  20
2  19 38 43 52 15 32 1  14 41 12 9  48 53 42 5  30 11 4  51 27 23 20 24 29 28 26 54 22 25 0  35 10 45 6  37 34 13 18 7  50 33 36 49 16 47 44 3  8  17 40 31 46 39 21
52 3  0  39 44 53 16 33 2  15 42 13 10 49 34 43 6  31 12 5  26 28 24 21 25 20 29 27 54 23 46 1  36 11 40 7  38 35 14 19 8  51 30 37 50 17 48 45 4  9  18 41 32 47 22
6  53 4  1  40 45 34 17 30 3  16 43 14 11 50 35 44 7  32 13 24 27 29 25 22 26 21 20 28 54 12 47 2  37 48 41 8  39 36 15 0  9  52 31 38 51 18 49 46 5  10 19 42 33 23
14 7  34 5  2  41 46 35 18 31 4  17 44 15 12 51 36 45 8  33 54 25 28 20 26 23 27 22 21 29 38 13 48 3  30 49 42 9  40 37 16 1  10 53 32 39 52 19 50 47 6  11 0  43 24
9  0  36 23 13 4  40 27 17 8  44 21 1  12 48 25 5  16 52 29 53 19 45 11 37 3  49 15 41 7  30 54 33 32 43 34 10 22 47 38 14 26 51 42 18 20 35 46 2  24 39 50 6  28 31
20 10 1  37 24 14 5  41 28 18 9  45 22 2  13 49 26 6  17 53 8  34 0  46 12 38 4  50 16 42 33 31 54 30 29 44 35 11 23 48 39 15 27 52 43 19 21 36 47 3  25 40 51 7  32
34 21 11 2  38 25 15 6  42 29 19 10 46 23 3  14 50 27 7  18 43 9  35 1  47 13 39 5  51 17 31 30 32 54 8  20 45 36 12 24 49 40 16 28 53 44 0  22 37 48 4  26 41 52 33
19 35 22 12 3  39 26 16 7  43 20 0  11 47 24 4  15 51 28 8  18 44 10 36 2  48 14 40 6  52 54 32 31 33 53 9  21 46 37 13 25 50 41 17 29 34 45 1  23 38 49 5  27 42 30
32 26 53 10 16 24 7  2  46 20 31 40 8  21 41 48 42 23 11 44 9  33 5  43 35 51 13 17 47 1  49 14 4  25 34 54 15 18 0  27 3  52 12 22 19 30 50 29 45 6  38 28 37 36 39
45 33 27 34 11 17 25 8  3  47 21 32 41 9  22 42 49 43 24 12 2  10 30 6  44 36 52 14 18 48 26 50 15 5  37 35 54 16 19 1  28 4  53 13 23 0  31 51 20 46 7  39 29 38 40
13 46 30 28 35 12 18 26 9  4  48 22 33 42 10 23 43 50 44 25 49 3  11 31 7  45 37 53 15 19 6  27 51 16 39 38 36 54 17 0  2  29 5  34 14 24 1  32 52 21 47 8  40 20 41
26 14 47 31 29 36 13 19 27 10 5  49 23 30 43 11 24 44 51 45 0  50 4  12 32 8  46 38 34 16 17 7  28 52 21 40 39 37 54 18 1  3  20 6  35 15 25 2  33 53 22 48 9  41 42
46 27 15 48 32 20 37 14 0  28 11 6  50 24 31 44 12 25 45 52 17 1  51 5  13 33 9  47 39 35 53 18 8  29 42 22 41 40 38 54 19 2  4  21 7  36 16 26 3  30 34 23 49 10 43
53 47 28 16 49 33 21 38 15 1  29 12 7  51 25 32 45 13 26 46 36 18 2  52 6  14 30 10 48 40 20 34 19 9  11 43 23 42 41 39 54 0  3  5  22 8  37 17 27 4  31 35 24 50 44
47 34 48 29 17 50 30 22 39 16 2  20 13 8  52 26 33 46 14 27 41 37 19 3  53 7  15 31 11 49 10 21 35 0  51 12 44 24 43 42 40 54 1  4  6  23 9  38 18 28 5  32 36 25 45
28 48 35 49 20 18 51 31 23 40 17 3  21 14 9  53 27 30 47 15 50 42 38 0  4  34 8  16 32 12 1  11 22 36 26 52 13 45 25 44 43 41 54 2  5  7  24 10 39 19 29 6  33 37 46
16 29 49 36 50 21 19 52 32 24 41 18 4  22 15 10 34 28 31 48 13 51 43 39 1  5  35 9  17 33 37 2  12 23 38 27 53 14 46 26 45 44 42 54 3  6  8  25 11 40 0  20 7  30 47
49 17 20 50 37 51 22 0  53 33 25 42 19 5  23 16 11 35 29 32 30 14 52 44 40 2  6  36 10 18 24 38 3  13 31 39 28 34 15 47 27 46 45 43 54 4  7  9  26 12 41 1  21 8  48
33 50 18 21 51 38 52 23 1  34 30 26 43 0  6  24 17 12 36 20 19 31 15 53 45 41 3  7  37 11 14 25 39 4  9  32 40 29 35 16 48 28 47 46 44 54 5  8  10 27 13 42 2  22 49
21 30 51 19 22 52 39 53 24 2  35 31 27 44 1  7  25 18 13 37 12 0  32 16 34 46 42 4  8  38 5  15 26 40 23 10 33 41 20 36 17 49 29 48 47 45 54 6  9  11 28 14 43 3  50
38 22 31 52 0  23 53 40 34 25 3  36 32 28 45 2  8  26 19 14 39 13 1  33 17 35 47 43 5  9  41 6  16 27 4  24 11 30 42 21 37 18 50 20 49 48 46 54 7  10 12 29 15 44 51
15 39 23 32 53 1  24 34 41 35 26 4  37 33 29 46 3  9  27 0  10 40 14 2  30 18 36 48 44 6  28 42 7  17 45 5  25 12 31 43 22 38 19 51 21 50 49 47 54 8  11 13 20 16 52
1  16 40 24 33 34 2  25 35 42 36 27 5  38 30 20 47 4  10 28 7  11 41 15 3  31 19 37 49 45 18 29 43 8  17 46 6  26 13 32 44 23 39 0  52 22 51 50 48 54 9  12 14 21 53
29 2  17 41 25 30 35 3  26 36 43 37 28 6  39 31 21 48 5  11 46 8  12 42 16 4  32 0  38 50 9  19 20 44 22 18 47 7  27 14 33 45 24 40 1  53 23 52 51 49 54 10 13 15 34
12 20 3  18 42 26 31 36 4  27 37 44 38 29 7  40 32 22 49 6  51 47 9  13 43 17 5  33 1  39 45 10 0  21 16 23 19 48 8  28 15 30 46 25 41 2  34 24 53 52 50 54 11 14 35
7  13 21 4  19 43 27 32 37 5  28 38 45 39 20 8  41 33 23 50 40 52 48 10 14 44 18 6  30 2  22 46 11 1  15 17 24 0  49 9  29 16 31 47 26 42 3  35 25 34 53 51 54 12 36
51 8  14 22 5  0  44 28 33 38 6  29 39 46 40 21 9  42 30 24 3  41 53 49 11 15 45 19 7  31 2  23 47 12 13 16 18 25 1  50 10 20 17 32 48 27 43 4  36 26 35 34 52 54 37
25 52 9  15 23 6  1  45 29 30 39 7  20 40 47 41 22 10 43 31 32 4  42 34 50 12 16 46 0  8  13 3  24 48 54 14 17 19 26 2  51 11 21 18 33 49 28 44 5  37 27 36 35 53 38
44 45 46 47 48 49 50 51 52 53 34 35 36 37 38 39 40 41 42 43 29 20 21 22 23 24 25 26 27 28 32 33 30 31 18 19 0  1  2  3  4  5  6  7  8  9  10 11 12 13 14 15 16 17 54
