0  40 21 7  24 18 30 23 20 15 35 9  39 4  22 32 31 10 13 26 2  11 3  28 16 14 36 38 29 12 8  19 6  27 33 37 5  34 1  25 17
26 1  40 22 8  25 19 31 24 21 16 36 10 0  5  23 33 32 11 14 27 3  12 4  29 17 15 37 39 30 13 9  20 7  28 34 38 6  35 2  18
3  27 2  40 23 9  26 20 32 25 22 17 37 11 1  6  24 34 33 12 15 28 4  13 5  30 18 16 38 0  31 14 10 21 8  29 35 39 7  36 19
37 4  28 3  40 24 10 27 21 33 26 23 18 38 12 2  7  25 35 34 13 16 29 5  14 6  31 19 17 39 1  32 15 11 22 9  30 36 0  8  20
9  38 5  29 4  40 25 11 28 22 34 27 24 19 39 13 3  8  26 36 35 14 17 30 6  15 7  32 20 18 0  2  33 16 12 23 10 31 37 1  21
2  10 39 6  30 5  40 26 12 29 23 35 28 25 20 0  14 4  9  27 37 36 15 18 31 7  16 8  33 21 19 1  3  34 17 13 24 11 32 38 22
39 3  11 0  7  31 6  40 27 13 30 24 36 29 26 21 1  15 5  10 28 38 37 16 19 32 8  17 9  34 22 20 2  4  35 18 14 25 12 33 23
34 0  4  12 1  8  32 7  40 28 14 31 25 37 30 27 22 2  16 6  11 29 39 38 17 20 33 9  18 10 35 23 21 3  5  36 19 15 26 13 24
14 35 1  5  13 2  9  33 8  40 29 15 32 26 38 31 28 23 3  17 7  12 30 0  39 18 21 34 10 19 11 36 24 22 4  6  37 20 16 27 25
28 15 36 2  6  14 3  10 34 9  40 30 16 33 27 39 32 29 24 4  18 8  13 31 1  0  19 22 35 11 20 12 37 25 23 5  7  38 21 17 26
18 29 16 37 3  7  15 4  11 35 10 40 31 17 34 28 0  33 30 25 5  19 9  14 32 2  1  20 23 36 12 21 13 38 26 24 6  8  39 22 27
23 19 30 17 38 4  8  16 5  12 36 11 40 32 18 35 29 1  34 31 26 6  20 10 15 33 3  2  21 24 37 13 22 14 39 27 25 7  9  0  28
1  24 20 31 18 39 5  9  17 6  13 37 12 40 33 19 36 30 2  35 32 27 7  21 11 16 34 4  3  22 25 38 14 23 15 0  28 26 8  10 29
11 2  25 21 32 19 0  6  10 18 7  14 38 13 40 34 20 37 31 3  36 33 28 8  22 12 17 35 5  4  23 26 39 15 24 16 1  29 27 9  30
10 12 3  26 22 33 20 1  7  11 19 8  15 39 14 40 35 21 38 32 4  37 34 29 9  23 13 18 36 6  5  24 27 0  16 25 17 2  30 28 31
29 11 13 4  27 23 34 21 2  8  12 20 9  16 0  15 40 36 22 39 33 5  38 35 30 10 24 14 19 37 7  6  25 28 1  17 26 18 3  31 32
32 30 12 14 5  28 24 35 22 3  9  13 21 10 17 1  16 40 37 23 0  34 6  39 36 31 11 25 15 20 38 8  7  26 29 2  18 27 19 4  33
5  33 31 13 15 6  29 25 36 23 4  10 14 22 11 18 2  17 40 38 24 1  35 7  0  37 32 12 26 16 21 39 9  8  27 30 3  19 28 20 34
21 6  34 32 14 16 7  30 26 37 24 5  11 15 23 12 19 3  18 40 39 25 2  36 8  1  38 33 13 27 17 22 0  10 9  28 31 4  20 29 35
30 22 7  35 33 15 17 8  31 27 38 25 6  12 16 24 13 20 4  19 40 0  26 3  37 9  2  39 34 14 28 18 23 1  11 10 29 32 5  21 36
22 31 23 8  36 34 16 18 9  32 28 39 26 7  13 17 25 14 21 5  20 40 1  27 4  38 10 3  0  35 15 29 19 24 2  12 11 30 33 6  37
7  23 32 24 9  37 35 17 19 10 33 29 0  27 8  14 18 26 15 22 6  21 40 2  28 5  39 11 4  1  36 16 30 20 25 3  13 12 31 34 38
35 8  24 33 25 10 38 36 18 20 11 34 30 1  28 9  15 19 27 16 23 7  22 40 3  29 6  0  12 5  2  37 17 31 21 26 4  14 13 32 39
33 36 9  25 34 26 11 39 37 19 21 12 35 31 2  29 10 16 20 28 17 24 8  23 40 4  30 7  1  13 6  3  38 18 32 22 27 5  15 14 0
15 34 37 10 26 35 27 12 0  38 20 22 13 36 32 3  30 11 17 21 29 18 25 9  24 40 5  31 8  2  14 7  4  39 19 33 23 28 6  16 1
17 16 35 38 11 27 36 28 13 1  39 21 23 14 37 33 4  31 12 18 22 30 19 26 10 25 40 6  32 9  3  15 8  5  0  20 34 24 29 7  2
8  18 17 36 39 12 28 37 29 14 2  0  22 24 15 38 34 5  32 13 19 23 31 20 27 11 26 40 7  33 10 4  16 9  6  1  21 35 25 30 3
31 9  19 18 37 0  13 29 38 30 15 3  1  23 25 16 39 35 6  33 14 20 24 32 21 28 12 27 40 8  34 11 5  17 10 7  2  22 36 26 4
27 32 10 20 19 38 1  14 30 39 31 16 4  2  24 26 17 0  36 7  34 15 21 25 33 22 29 13 28 40 9  35 12 6  18 11 8  3  23 37 5
38 28 33 11 21 20 39 2  15 31 0  32 17 5  3  25 27 18 1  37 8  35 16 22 26 34 23 30 14 29 40 10 36 13 7  19 12 9  4  24 6
25 39 29 34 12 22 21 0  3  16 32 1  33 18 6  4  26 28 19 2  38 9  36 17 23 27 35 24 31 15 30 40 11 37 14 8  20 13 10 5  7
6  26 0  30 35 13 23 22 1  4  17 33 2  34 19 7  5  27 29 20 3  39 10 37 18 24 28 36 25 32 16 31 40 12 38 15 9  21 14 11 8
12 7  27 1  31 36 14 24 23 2  5  18 34 3  35 20 8  6  28 30 21 4  0  11 38 19 25 29 37 26 33 17 32 40 13 39 16 10 22 15 9
16 13 8  28 2  32 37 15 25 24 3  6  19 35 4  36 21 9  7  29 31 22 5  1  12 39 20 26 30 38 27 34 18 33 40 14 0  17 11 23 10
24 17 14 9  29 3  33 38 16 26 25 4  7  20 36 5  37 22 10 8  30 32 23 6  2  13 0  21 27 31 39 28 35 19 34 40 15 1  18 12 11
13 25 18 15 10 30 4  34 39 17 27 26 5  8  21 37 6  38 23 11 9  31 33 24 7  3  14 1  22 28 32 0  29 36 20 35 40 16 2  19 12
20 14 26 19 16 11 31 5  35 0  18 28 27 6  9  22 38 7  39 24 12 10 32 34 25 8  4  15 2  23 29 33 1  30 37 21 36 40 17 3  13
4  21 15 27 20 17 12 32 6  36 1  19 29 28 7  10 23 39 8  0  25 13 11 33 35 26 9  5  16 3  24 30 34 2  31 38 22 37 40 18 14
19 5  22 16 28 21 18 13 33 7  37 2  20 30 29 8  11 24 0  9  1  26 14 12 34 36 27 10 6  17 4  25 31 35 3  32 39 23 38 40 15
40 20 6  23 17 29 22 19 14 34 8  38 3  21 31 30 9  12 25 1  10 2  27 15 13 35 37 28 11 7  18 5  26 32 36 4  33 0  24 39 16
36 37 38 39 0  1  2  3  4  5  6  7  8  9  10 11 12 13 14 15 16 17 18 19 20 21 22 23 24 25 26 27 28 29 30 31 32 33 34 35 40
